 Recency Frequency Monetary Time Recency_Frequency Recency_Monetary Recency_Time Frequency_Monetary Frequency_Time Monetary_Time Recency_Frequency_Monetary Recency_Frequency_Time Recency_Monetary_Time Frequency_Monetary_Time Recency_Frequency_Monetary_Time Runtime
0.0 0.0 0.0 0.0 0.0 0.0 0.0 0.0 0.05287540392919443 0.0 0.0 0.025165299196247548 0.0 0.0 0.03308247197708958 0.017885272840258093 0.05898093
0.0 0.0 0.0 0.0 0.0 0.0 0.0 0.0 0.0 0.0 0.0 0.011946448213948968 0.0 0.0 0.03308247197708958 0.017885272840258093 0.05780174
0.0 0.0 0.0 0.0 0.0 0.0 0.0 0.0 0.05287540392919443 0.0 0.0 0.025165299196247548 0.0 0.0 0.03308247197708958 0.017885272840258093 0.05796329
0.0 0.0 0.0 0.0 0.0 0.0 0.0 0.0 0.05287540392919443 0.0 0.0 0.025165299196247548 0.0 0.0 0.03308247197708958 0.017885272840258093 0.05789725
0.0 0.0 0.0 0.0 0.0 0.0 0.0 0.0 0.0 0.0 0.0 0.0 0.0 0.0 0.03308247197708958 0.017885272840258093 0.05797458
0.0 0.0 0.0 0.0 0.0 0.0 0.0 0.0 0.05287540392919443 0.0 0.0 0.025165299196247548 0.0 0.0 0.03308247197708958 0.017885272840258093 0.05788999
0.0 0.0 0.0 0.0 0.0 0.0 0.0 0.0 0.0 0.0 0.0 0.011946448213948968 0.0 0.0 0.03308247197708958 0.017885272840258093 0.05790345
0.0 0.0 0.0 0.0 0.0 0.0 0.0 0.0 0.05287540392919443 0.0 0.0 0.025165299196247548 0.0 0.0 0.03308247197708958 0.017885272840258093 0.05765799
0.0 0.0 0.0 0.0 0.0 0.0 0.0 0.0 0.05287540392919443 0.0 0.0 0.025165299196247548 0.0 0.0 0.03308247197708958 0.017885272840258093 0.05801117
0.0 0.0 0.0 0.0 0.0 0.0 0.0 0.0 0.0 0.0 0.0 0.0 0.0 0.0 0.03308247197708958 0.017885272840258093 0.05787100
0.0 0.0 0.0 0.0 0.0 0.0 0.0 0.0 0.05287540392919443 0.0 0.0 0.025165299196247548 0.0 0.0 0.03308247197708958 0.017885272840258093 0.05786661
0.0 0.0 0.0 0.0 0.0 0.0 0.0 0.0 0.0 0.0 0.0 0.011946448213948968 0.0 0.0 0.03308247197708958 0.017885272840258093 0.05788962
0.0 0.0 0.0 0.0 0.0 0.0 0.0 0.0 0.05287540392919443 0.0 0.0 0.025165299196247548 0.0 0.0 0.03308247197708958 0.017885272840258093 0.05800194
0.0 0.0 0.0 0.0 0.0 0.0 0.0 0.0 0.05287540392919443 0.0 0.0 0.025165299196247548 0.0 0.0 0.03308247197708958 0.017885272840258093 0.05776140
0.0 0.0 0.0 0.0 0.0 0.0 0.0 0.0 0.0 0.0 0.0 0.0 0.0 0.0 0.03308247197708958 0.017885272840258093 0.05795974
0.0 0.0 0.22994652406417115 0.0 0.0 0.10943978952786748 0.0 0.0 0.05287540392919443 0.1438702851096686 0.0 0.025165299196247548 0.07778014002623868 0.0 0.03308247197708958 0.017885272840258093 0.05784873
0.0 0.0 0.0 0.0 0.0 0.05195315851182469 0.0 0.0 0.0 0.1438702851096686 0.0 0.011946448213948968 0.07778014002623868 0.0 0.03308247197708958 0.017885272840258093 0.05817855
0.0 0.0 0.22994652406417115 0.0 0.0 0.10943978952786748 0.0 0.0 0.05287540392919443 0.1438702851096686 0.0 0.025165299196247548 0.07778014002623868 0.0 0.03308247197708958 0.017885272840258093 0.05792426
0.0 0.0 0.22994652406417115 0.0 0.0 0.10943978952786748 0.0 0.0 0.05287540392919443 0.1438702851096686 0.0 0.025165299196247548 0.07778014002623868 0.0 0.03308247197708958 0.017885272840258093 0.05797248
0.0 0.0 0.0 0.0 0.0 0.0 0.0 0.0 0.0 0.1438702851096686 0.0 0.0 0.07778014002623868 0.0 0.03308247197708958 0.017885272840258093 0.05782542
0.0 0.0 0.0 0.0 0.0 0.0 0.0 0.0 0.05287540392919443 0.0 0.0 0.025165299196247548 0.0 0.0 0.03308247197708958 0.017885272840258093 0.05800838
0.0 0.0 0.0 0.0 0.0 0.0 0.0 0.0 0.0 0.0 0.0 0.011946448213948968 0.0 0.0 0.03308247197708958 0.017885272840258093 0.05811776
0.0 0.0 0.0 0.0 0.0 0.0 0.0 0.0 0.05287540392919443 0.0 0.0 0.025165299196247548 0.0 0.0 0.03308247197708958 0.017885272840258093 0.05783942
0.0 0.0 0.0 0.0 0.0 0.0 0.0 0.0 0.05287540392919443 0.0 0.0 0.025165299196247548 0.0 0.0 0.03308247197708958 0.017885272840258093 0.05781545
0.0 0.0 0.0 0.0 0.0 0.0 0.0 0.0 0.0 0.0 0.0 0.0 0.0 0.0 0.03308247197708958 0.017885272840258093 0.05803611
0.0 0.0 0.0 0.0 0.0 0.0 0.0 0.0 0.05287540392919443 0.0 0.0 0.025165299196247548 0.0 0.0 0.03308247197708958 0.017885272840258093 0.05772982
0.0 0.0 0.0 0.0 0.0 0.0 0.0 0.0 0.0 0.0 0.0 0.011946448213948968 0.0 0.0 0.03308247197708958 0.017885272840258093 0.05775860
0.0 0.0 0.0 0.0 0.0 0.0 0.0 0.0 0.05287540392919443 0.0 0.0 0.025165299196247548 0.0 0.0 0.03308247197708958 0.017885272840258093 0.05767559
0.0 0.0 0.0 0.0 0.0 0.0 0.0 0.0 0.05287540392919443 0.0 0.0 0.025165299196247548 0.0 0.0 0.03308247197708958 0.017885272840258093 0.05752510
0.0 0.0 0.0 0.0 0.0 0.0 0.0 0.0 0.0 0.0 0.0 0.0 0.0 0.0 0.03308247197708958 0.017885272840258093 0.05761029
0.0 0.0 0.0 0.0 0.0 0.0 0.0 0.0 0.05287540392919443 0.0 0.0 0.025165299196247548 0.0 0.0 0.03308247197708958 0.017885272840258093 0.05776690
0.0 0.0 0.0 0.0 0.0 0.0 0.0 0.0 0.0 0.0 0.0 0.011946448213948968 0.0 0.0 0.03308247197708958 0.017885272840258093 0.05763101
0.0 0.0 0.0 0.0 0.0 0.0 0.0 0.0 0.05287540392919443 0.0 0.0 0.025165299196247548 0.0 0.0 0.03308247197708958 0.017885272840258093 0.05792706
0.0 0.0 0.0 0.0 0.0 0.0 0.0 0.0 0.05287540392919443 0.0 0.0 0.025165299196247548 0.0 0.0 0.03308247197708958 0.017885272840258093 0.05760825
0.0 0.0 0.0 0.0 0.0 0.0 0.0 0.0 0.0 0.0 0.0 0.0 0.0 0.0 0.03308247197708958 0.017885272840258093 0.05782907
0.0 0.0 0.22994652406417115 0.0 0.0 0.10943978952786748 0.0 0.0 0.05287540392919443 0.1438702851096686 0.0 0.025165299196247548 0.07778014002623868 0.0 0.03308247197708958 0.017885272840258093 0.05780307
0.0 0.0 0.0 0.0 0.0 0.05195315851182469 0.0 0.0 0.0 0.1438702851096686 0.0 0.011946448213948968 0.07778014002623868 0.0 0.03308247197708958 0.017885272840258093 0.05791182
0.0 0.0 0.22994652406417115 0.0 0.0 0.10943978952786748 0.0 0.0 0.05287540392919443 0.1438702851096686 0.0 0.025165299196247548 0.07778014002623868 0.0 0.03308247197708958 0.017885272840258093 0.05778366
0.0 0.0 0.22994652406417115 0.0 0.0 0.10943978952786748 0.0 0.0 0.05287540392919443 0.1438702851096686 0.0 0.025165299196247548 0.07778014002623868 0.0 0.03308247197708958 0.017885272840258093 0.05784806
0.0 0.0 0.0 0.0 0.0 0.0 0.0 0.0 0.0 0.1438702851096686 0.0 0.0 0.07778014002623868 0.0 0.03308247197708958 0.017885272840258093 0.05763831
0.0 0.0 0.0 0.0 0.0 0.0 0.0 0.0 0.05287540392919443 0.0 0.0 0.025165299196247548 0.0 0.0 0.03308247197708958 0.017885272840258093 0.05773595
0.0 0.0 0.0 0.0 0.0 0.0 0.0 0.0 0.0 0.0 0.0 0.011946448213948968 0.0 0.0 0.03308247197708958 0.017885272840258093 0.05779206
0.0 0.0 0.0 0.0 0.0 0.0 0.0 0.0 0.05287540392919443 0.0 0.0 0.025165299196247548 0.0 0.0 0.03308247197708958 0.017885272840258093 0.05802993
0.0 0.0 0.0 0.0 0.0 0.0 0.0 0.0 0.05287540392919443 0.0 0.0 0.025165299196247548 0.0 0.0 0.03308247197708958 0.017885272840258093 0.05770458
0.0 0.0 0.0 0.0 0.0 0.0 0.0 0.0 0.0 0.0 0.0 0.0 0.0 0.0 0.03308247197708958 0.017885272840258093 0.05802507
0.0 0.0 0.0 0.0 0.0 0.0 0.0 0.0 0.05287540392919443 0.0 0.0 0.025165299196247548 0.0 0.0 0.03308247197708958 0.017885272840258093 0.05796360
0.0 0.0 0.0 0.0 0.0 0.0 0.0 0.0 0.0 0.0 0.0 0.011946448213948968 0.0 0.0 0.03308247197708958 0.017885272840258093 0.05806078
0.0 0.0 0.0 0.0 0.0 0.0 0.0 0.0 0.05287540392919443 0.0 0.0 0.025165299196247548 0.0 0.0 0.03308247197708958 0.017885272840258093 0.05789922
0.0 0.0 0.0 0.0 0.0 0.0 0.0 0.0 0.05287540392919443 0.0 0.0 0.025165299196247548 0.0 0.0 0.03308247197708958 0.017885272840258093 0.05821953
0.0 0.0 0.0 0.0 0.0 0.0 0.0 0.0 0.0 0.0 0.0 0.0 0.0 0.0 0.03308247197708958 0.017885272840258093 0.05797556
0.0 0.0 0.0 0.0 0.0 0.0 0.0 0.0 0.05287540392919443 0.0 0.0 0.025165299196247548 0.0 0.0 0.03308247197708958 0.017885272840258093 0.05803206
0.0 0.0 0.0 0.0 0.0 0.0 0.0 0.0 0.0 0.0 0.0 0.011946448213948968 0.0 0.0 0.03308247197708958 0.017885272840258093 0.05824089
0.0 0.0 0.0 0.0 0.0 0.0 0.0 0.0 0.05287540392919443 0.0 0.0 0.025165299196247548 0.0 0.0 0.03308247197708958 0.017885272840258093 0.05794497
0.0 0.0 0.0 0.0 0.0 0.0 0.0 0.0 0.05287540392919443 0.0 0.0 0.025165299196247548 0.0 0.0 0.03308247197708958 0.017885272840258093 0.05787563
0.0 0.0 0.0 0.0 0.0 0.0 0.0 0.0 0.0 0.0 0.0 0.0 0.0 0.0 0.03308247197708958 0.017885272840258093 0.05805482
0.0 0.0 0.22994652406417115 0.0 0.0 0.10943978952786748 0.0 0.0 0.05287540392919443 0.1438702851096686 0.0 0.025165299196247548 0.07778014002623868 0.0 0.03308247197708958 0.017885272840258093 0.05781016
0.0 0.0 0.0 0.0 0.0 0.05195315851182469 0.0 0.0 0.0 0.1438702851096686 0.0 0.011946448213948968 0.07778014002623868 0.0 0.03308247197708958 0.017885272840258093 0.05820929
0.0 0.0 0.22994652406417115 0.0 0.0 0.10943978952786748 0.0 0.0 0.05287540392919443 0.1438702851096686 0.0 0.025165299196247548 0.07778014002623868 0.0 0.03308247197708958 0.017885272840258093 0.05783405
0.0 0.0 0.22994652406417115 0.0 0.0 0.10943978952786748 0.0 0.0 0.05287540392919443 0.1438702851096686 0.0 0.025165299196247548 0.07778014002623868 0.0 0.03308247197708958 0.017885272840258093 0.05809515
0.0 0.0 0.0 0.0 0.0 0.0 0.0 0.0 0.0 0.1438702851096686 0.0 0.0 0.07778014002623868 0.0 0.03308247197708958 0.017885272840258093 0.05801023
0.0 0.0 0.0 0.22994652406417115 0.0 0.0 0.10943978952786748 0.0 0.05287540392919443 0.0 0.14387028510966882 0.025165299196247548 0.0 0.07778014002623868 0.03308247197708958 0.017885272840258093 0.05790819
0.0 0.0 0.0 0.0 0.0 0.0 0.05195315851182469 0.0 0.0 0.0 0.14387028510966882 0.011946448213948968 0.0 0.07778014002623868 0.03308247197708958 0.017885272840258093 0.05818012
0.0 0.0 0.0 0.22994652406417115 0.0 0.0 0.10943978952786748 0.0 0.05287540392919443 0.0 0.14387028510966882 0.025165299196247548 0.0 0.07778014002623868 0.03308247197708958 0.017885272840258093 0.05810756
0.0 0.0 0.0 0.22994652406417115 0.0 0.0 0.10943978952786748 0.0 0.05287540392919443 0.0 0.14387028510966882 0.025165299196247548 0.0 0.07778014002623868 0.03308247197708958 0.017885272840258093 0.05792605
0.0 0.0 0.0 0.0 0.0 0.0 0.0 0.0 0.0 0.0 0.14387028510966882 0.0 0.0 0.07778014002623868 0.03308247197708958 0.017885272840258093 0.05806718
0.0 0.0 0.0 0.22994652406417115 0.0 0.0 0.10943978952786748 0.0 0.05287540392919443 0.0 0.14387028510966882 0.025165299196247548 0.0 0.07778014002623868 0.03308247197708958 0.017885272840258093 0.05800279
0.0 0.0 0.0 0.0 0.0 0.0 0.05195315851182469 0.0 0.0 0.0 0.14387028510966882 0.011946448213948968 0.0 0.07778014002623868 0.03308247197708958 0.017885272840258093 0.05822565
0.0 0.0 0.0 0.22994652406417115 0.0 0.0 0.10943978952786748 0.0 0.05287540392919443 0.0 0.14387028510966882 0.025165299196247548 0.0 0.07778014002623868 0.03308247197708958 0.017885272840258093 0.05815233
0.0 0.0 0.0 0.22994652406417115 0.0 0.0 0.10943978952786748 0.0 0.05287540392919443 0.0 0.14387028510966882 0.025165299196247548 0.0 0.07778014002623868 0.03308247197708958 0.017885272840258093 0.05790842
0.0 0.0 0.0 0.0 0.0 0.0 0.0 0.0 0.0 0.0 0.14387028510966882 0.0 0.0 0.07778014002623868 0.03308247197708958 0.017885272840258093 0.05806008
0.0 0.0 0.0 0.22994652406417115 0.0 0.0 0.10943978952786748 0.0 0.05287540392919443 0.0 0.14387028510966882 0.025165299196247548 0.0 0.07778014002623868 0.03308247197708958 0.017885272840258093 0.05820307
0.0 0.0 0.0 0.0 0.0 0.0 0.05195315851182469 0.0 0.0 0.0 0.14387028510966882 0.011946448213948968 0.0 0.07778014002623868 0.03308247197708958 0.017885272840258093 0.05814388
0.0 0.0 0.0 0.22994652406417115 0.0 0.0 0.10943978952786748 0.0 0.05287540392919443 0.0 0.14387028510966882 0.025165299196247548 0.0 0.07778014002623868 0.03308247197708958 0.017885272840258093 0.05801976
0.0 0.0 0.0 0.22994652406417115 0.0 0.0 0.10943978952786748 0.0 0.05287540392919443 0.0 0.14387028510966882 0.025165299196247548 0.0 0.07778014002623868 0.03308247197708958 0.017885272840258093 0.05778016
0.0 0.0 0.0 0.0 0.0 0.0 0.0 0.0 0.0 0.0 0.14387028510966882 0.0 0.0 0.07778014002623868 0.03308247197708958 0.017885272840258093 0.05798076
0.0 0.22593582887700525 0.0 0.0 0.625668449197861 0.05195315851182469 0.05195315851182469 0.33825316709085196 0.0 0.1438702851096686 0.14387028510966882 0.011946448213948968 0.07778014002623868 0.07778014002623868 0.03308247197708958 0.017885272840258093 0.05836553
0.0 0.0 0.0 0.0 0.625668449197861 0.0 0.0 0.33825316709085196 0.0 0.1438702851096686 0.14387028510966882 0.0 0.07778014002623868 0.07778014002623868 0.03308247197708958 0.017885272840258093 0.05821356
0.0 0.0 0.0 0.0 0.0 0.0 0.0 0.0 0.05287540392919443 0.0 0.0 0.025165299196247548 0.0 0.0 0.04255480369702558 0.017885272840258093 0.05825976
0.0 0.0 0.0 0.0 0.0 0.0 0.0 0.0 0.05287540392919443 0.0 0.0 0.011946448213948968 0.0 0.0 0.04255480369702558 0.017885272840258093 0.05809961
0.0 0.0 0.0 0.0 0.0 0.0 0.0 0.0 0.05287540392919443 0.0 0.0 0.025165299196247548 0.0 0.0 0.04255480369702558 0.017885272840258093 0.05787206
0.0 0.0 0.0 0.0 0.0 0.0 0.0 0.0 0.05287540392919443 0.0 0.0 0.025165299196247548 0.0 0.0 0.04255480369702558 0.017885272840258093 0.05832086
0.0 0.0 0.0 0.0 0.0 0.0 0.0 0.0 0.0 0.0 0.0 0.0 0.0 0.0 0.04255480369702558 0.017885272840258093 0.05780027
0.0 0.0 0.0 0.0 0.0 0.0 0.0 0.0 0.05287540392919443 0.0 0.0 0.025165299196247548 0.0 0.0 0.04255480369702558 0.017885272840258093 0.05813051
0.0 0.0 0.0 0.0 0.0 0.0 0.0 0.0 0.05287540392919443 0.0 0.0 0.011946448213948968 0.0 0.0 0.04255480369702558 0.017885272840258093 0.05805513
0.0 0.0 0.0 0.0 0.0 0.0 0.0 0.0 0.05287540392919443 0.0 0.0 0.025165299196247548 0.0 0.0 0.04255480369702558 0.017885272840258093 0.05770740
0.0 0.0 0.0 0.0 0.0 0.0 0.0 0.0 0.05287540392919443 0.0 0.0 0.025165299196247548 0.0 0.0 0.04255480369702558 0.017885272840258093 0.05783304
0.0 0.0 0.0 0.0 0.0 0.0 0.0 0.0 0.0 0.0 0.0 0.0 0.0 0.0 0.04255480369702558 0.017885272840258093 0.05787157
0.0 0.0 0.0 0.0 0.0 0.0 0.0 0.0 0.05287540392919443 0.0 0.0 0.025165299196247548 0.0 0.0 0.04255480369702558 0.017885272840258093 0.05775842
0.0 0.0 0.0 0.0 0.0 0.0 0.0 0.0 0.05287540392919443 0.0 0.0 0.011946448213948968 0.0 0.0 0.04255480369702558 0.017885272840258093 0.05797839
0.0 0.0 0.0 0.0 0.0 0.0 0.0 0.0 0.05287540392919443 0.0 0.0 0.025165299196247548 0.0 0.0 0.04255480369702558 0.017885272840258093 0.05766722
0.0 0.0 0.0 0.0 0.0 0.0 0.0 0.0 0.05287540392919443 0.0 0.0 0.025165299196247548 0.0 0.0 0.04255480369702558 0.017885272840258093 0.05779895
0.0 0.0 0.0 0.0 0.0 0.0 0.0 0.0 0.0 0.0 0.0 0.0 0.0 0.0 0.04255480369702558 0.017885272840258093 0.05783993
0.0 0.0 0.22994652406417115 0.0 0.0 0.10943978952786748 0.0 0.0 0.05287540392919443 0.18506391375218056 0.0 0.025165299196247548 0.07778014002623868 0.0 0.04255480369702558 0.017885272840258093 0.05793145
0.0 0.0 0.22994652406417115 0.0 0.0 0.05195315851182469 0.0 0.0 0.05287540392919443 0.18506391375218056 0.0 0.011946448213948968 0.07778014002623868 0.0 0.04255480369702558 0.017885272840258093 0.05784201
0.0 0.0 0.22994652406417115 0.0 0.0 0.10943978952786748 0.0 0.0 0.05287540392919443 0.18506391375218056 0.0 0.025165299196247548 0.07778014002623868 0.0 0.04255480369702558 0.017885272840258093 0.05790351
0.0 0.0 0.22994652406417115 0.0 0.0 0.10943978952786748 0.0 0.0 0.05287540392919443 0.18506391375218056 0.0 0.025165299196247548 0.07778014002623868 0.0 0.04255480369702558 0.017885272840258093 0.05772748
0.0 0.0 0.0 0.0 0.0 0.0 0.0 0.0 0.0 0.18506391375218056 0.0 0.0 0.07778014002623868 0.0 0.04255480369702558 0.017885272840258093 0.05805038
0.0 0.0 0.0 0.0 0.0 0.0 0.0 0.0 0.05287540392919443 0.0 0.0 0.025165299196247548 0.0 0.0 0.04255480369702558 0.017885272840258093 0.05790018
0.0 0.0 0.0 0.0 0.0 0.0 0.0 0.0 0.05287540392919443 0.0 0.0 0.011946448213948968 0.0 0.0 0.04255480369702558 0.017885272840258093 0.05787761
0.0 0.0 0.0 0.0 0.0 0.0 0.0 0.0 0.05287540392919443 0.0 0.0 0.025165299196247548 0.0 0.0 0.04255480369702558 0.017885272840258093 0.05794136
0.0 0.0 0.0 0.0 0.0 0.0 0.0 0.0 0.05287540392919443 0.0 0.0 0.025165299196247548 0.0 0.0 0.04255480369702558 0.017885272840258093 0.05794084
0.0 0.0 0.0 0.0 0.0 0.0 0.0 0.0 0.0 0.0 0.0 0.0 0.0 0.0 0.04255480369702558 0.017885272840258093 0.05789335
0.0 0.0 0.0 0.0 0.0 0.0 0.0 0.0 0.05287540392919443 0.0 0.0 0.025165299196247548 0.0 0.0 0.04255480369702558 0.017885272840258093 0.05801305
0.0 0.0 0.0 0.0 0.0 0.0 0.0 0.0 0.05287540392919443 0.0 0.0 0.011946448213948968 0.0 0.0 0.04255480369702558 0.017885272840258093 0.05778283
0.0 0.0 0.0 0.0 0.0 0.0 0.0 0.0 0.05287540392919443 0.0 0.0 0.025165299196247548 0.0 0.0 0.04255480369702558 0.017885272840258093 0.05815543
0.0 0.0 0.0 0.0 0.0 0.0 0.0 0.0 0.05287540392919443 0.0 0.0 0.025165299196247548 0.0 0.0 0.04255480369702558 0.017885272840258093 0.05774630
0.0 0.0 0.0 0.0 0.0 0.0 0.0 0.0 0.0 0.0 0.0 0.0 0.0 0.0 0.04255480369702558 0.017885272840258093 0.05827040
0.0 0.0 0.0 0.0 0.0 0.0 0.0 0.0 0.05287540392919443 0.0 0.0 0.025165299196247548 0.0 0.0 0.04255480369702558 0.017885272840258093 0.05810870
0.0 0.0 0.0 0.0 0.0 0.0 0.0 0.0 0.05287540392919443 0.0 0.0 0.011946448213948968 0.0 0.0 0.04255480369702558 0.017885272840258093 0.05834334
0.0 0.0 0.0 0.0 0.0 0.0 0.0 0.0 0.05287540392919443 0.0 0.0 0.025165299196247548 0.0 0.0 0.04255480369702558 0.017885272840258093 0.05807400
0.0 0.0 0.0 0.0 0.0 0.0 0.0 0.0 0.05287540392919443 0.0 0.0 0.025165299196247548 0.0 0.0 0.04255480369702558 0.017885272840258093 0.05795295
0.0 0.0 0.0 0.0 0.0 0.0 0.0 0.0 0.0 0.0 0.0 0.0 0.0 0.0 0.04255480369702558 0.017885272840258093 0.05792818
0.0 0.0 0.22994652406417115 0.0 0.0 0.10943978952786748 0.0 0.0 0.05287540392919443 0.18506391375218056 0.0 0.025165299196247548 0.07778014002623868 0.0 0.04255480369702558 0.017885272840258093 0.05787474
0.0 0.0 0.22994652406417115 0.0 0.0 0.05195315851182469 0.0 0.0 0.05287540392919443 0.18506391375218056 0.0 0.011946448213948968 0.07778014002623868 0.0 0.04255480369702558 0.017885272840258093 0.05761006
0.0 0.0 0.22994652406417115 0.0 0.0 0.10943978952786748 0.0 0.0 0.05287540392919443 0.18506391375218056 0.0 0.025165299196247548 0.07778014002623868 0.0 0.04255480369702558 0.017885272840258093 0.05776873
0.0 0.0 0.22994652406417115 0.0 0.0 0.10943978952786748 0.0 0.0 0.05287540392919443 0.18506391375218056 0.0 0.025165299196247548 0.07778014002623868 0.0 0.04255480369702558 0.017885272840258093 0.05755989
0.0 0.0 0.0 0.0 0.0 0.0 0.0 0.0 0.0 0.18506391375218056 0.0 0.0 0.07778014002623868 0.0 0.04255480369702558 0.017885272840258093 0.05752184
0.0 0.0 0.0 0.0 0.0 0.0 0.0 0.0 0.05287540392919443 0.0 0.0 0.025165299196247548 0.0 0.0 0.04255480369702558 0.017885272840258093 0.05755192
0.0 0.0 0.0 0.0 0.0 0.0 0.0 0.0 0.05287540392919443 0.0 0.0 0.011946448213948968 0.0 0.0 0.04255480369702558 0.017885272840258093 0.05763128
0.0 0.0 0.0 0.0 0.0 0.0 0.0 0.0 0.05287540392919443 0.0 0.0 0.025165299196247548 0.0 0.0 0.04255480369702558 0.017885272840258093 0.05724979
0.0 0.0 0.0 0.0 0.0 0.0 0.0 0.0 0.05287540392919443 0.0 0.0 0.025165299196247548 0.0 0.0 0.04255480369702558 0.017885272840258093 0.05762508
0.0 0.0 0.0 0.0 0.0 0.0 0.0 0.0 0.0 0.0 0.0 0.0 0.0 0.0 0.04255480369702558 0.017885272840258093 0.05735575
0.0 0.0 0.0 0.0 0.0 0.0 0.0 0.0 0.05287540392919443 0.0 0.0 0.025165299196247548 0.0 0.0 0.04255480369702558 0.017885272840258093 0.05759295
0.0 0.0 0.0 0.0 0.0 0.0 0.0 0.0 0.05287540392919443 0.0 0.0 0.011946448213948968 0.0 0.0 0.04255480369702558 0.017885272840258093 0.05785321
0.0 0.0 0.0 0.0 0.0 0.0 0.0 0.0 0.05287540392919443 0.0 0.0 0.025165299196247548 0.0 0.0 0.04255480369702558 0.017885272840258093 0.05746175
0.0 0.0 0.0 0.0 0.0 0.0 0.0 0.0 0.05287540392919443 0.0 0.0 0.025165299196247548 0.0 0.0 0.04255480369702558 0.017885272840258093 0.05753252
0.0 0.0 0.0 0.0 0.0 0.0 0.0 0.0 0.0 0.0 0.0 0.0 0.0 0.0 0.04255480369702558 0.017885272840258093 0.05766725
0.0 0.0 0.0 0.0 0.0 0.0 0.0 0.0 0.05287540392919443 0.0 0.0 0.025165299196247548 0.0 0.0 0.04255480369702558 0.017885272840258093 0.05723102
0.0 0.0 0.0 0.0 0.0 0.0 0.0 0.0 0.05287540392919443 0.0 0.0 0.011946448213948968 0.0 0.0 0.04255480369702558 0.017885272840258093 0.05781514
0.0 0.0 0.0 0.0 0.0 0.0 0.0 0.0 0.05287540392919443 0.0 0.0 0.025165299196247548 0.0 0.0 0.04255480369702558 0.017885272840258093 0.05749061
0.0 0.0 0.0 0.0 0.0 0.0 0.0 0.0 0.05287540392919443 0.0 0.0 0.025165299196247548 0.0 0.0 0.04255480369702558 0.017885272840258093 0.05773130
0.0 0.0 0.0 0.0 0.0 0.0 0.0 0.0 0.0 0.0 0.0 0.0 0.0 0.0 0.04255480369702558 0.017885272840258093 0.05741329
0.0 0.0 0.22994652406417115 0.0 0.0 0.10943978952786748 0.0 0.0 0.05287540392919443 0.18506391375218056 0.0 0.025165299196247548 0.07778014002623868 0.0 0.04255480369702558 0.017885272840258093 0.05772107
0.0 0.0 0.22994652406417115 0.0 0.0 0.05195315851182469 0.0 0.0 0.05287540392919443 0.18506391375218056 0.0 0.011946448213948968 0.07778014002623868 0.0 0.04255480369702558 0.017885272840258093 0.05764684
0.0 0.0 0.22994652406417115 0.0 0.0 0.10943978952786748 0.0 0.0 0.05287540392919443 0.18506391375218056 0.0 0.025165299196247548 0.07778014002623868 0.0 0.04255480369702558 0.017885272840258093 0.05765437
0.0 0.0 0.22994652406417115 0.0 0.0 0.10943978952786748 0.0 0.0 0.05287540392919443 0.18506391375218056 0.0 0.025165299196247548 0.07778014002623868 0.0 0.04255480369702558 0.017885272840258093 0.05742398
0.0 0.0 0.0 0.0 0.0 0.0 0.0 0.0 0.0 0.18506391375218056 0.0 0.0 0.07778014002623868 0.0 0.04255480369702558 0.017885272840258093 0.05780047
0.0 0.0 0.0 0.22994652406417115 0.0 0.0 0.10943978952786748 0.0 0.05287540392919443 0.0 0.1850639137521808 0.025165299196247548 0.0 0.07778014002623868 0.04255480369702558 0.017885272840258093 0.05763317
0.0 0.0 0.0 0.22994652406417115 0.0 0.0 0.05195315851182469 0.0 0.05287540392919443 0.0 0.1850639137521808 0.011946448213948968 0.0 0.07778014002623868 0.04255480369702558 0.017885272840258093 0.05765185
0.0 0.0 0.0 0.22994652406417115 0.0 0.0 0.10943978952786748 0.0 0.05287540392919443 0.0 0.1850639137521808 0.025165299196247548 0.0 0.07778014002623868 0.04255480369702558 0.017885272840258093 0.05759059
0.0 0.0 0.0 0.22994652406417115 0.0 0.0 0.10943978952786748 0.0 0.05287540392919443 0.0 0.1850639137521808 0.025165299196247548 0.0 0.07778014002623868 0.04255480369702558 0.017885272840258093 0.05758460
0.0 0.0 0.0 0.0 0.0 0.0 0.0 0.0 0.0 0.0 0.1850639137521808 0.0 0.0 0.07778014002623868 0.04255480369702558 0.017885272840258093 0.05758210
0.0 0.0 0.0 0.22994652406417115 0.0 0.0 0.10943978952786748 0.0 0.05287540392919443 0.0 0.1850639137521808 0.025165299196247548 0.0 0.07778014002623868 0.04255480369702558 0.017885272840258093 0.05765275
0.0 0.0 0.0 0.22994652406417115 0.0 0.0 0.05195315851182469 0.0 0.05287540392919443 0.0 0.1850639137521808 0.011946448213948968 0.0 0.07778014002623868 0.04255480369702558 0.017885272840258093 0.05748559
0.0 0.0 0.0 0.22994652406417115 0.0 0.0 0.10943978952786748 0.0 0.05287540392919443 0.0 0.1850639137521808 0.025165299196247548 0.0 0.07778014002623868 0.04255480369702558 0.017885272840258093 0.05763208
0.0 0.0 0.0 0.22994652406417115 0.0 0.0 0.10943978952786748 0.0 0.05287540392919443 0.0 0.1850639137521808 0.025165299196247548 0.0 0.07778014002623868 0.04255480369702558 0.017885272840258093 0.05756523
0.0 0.0 0.0 0.0 0.0 0.0 0.0 0.0 0.0 0.0 0.1850639137521808 0.0 0.0 0.07778014002623868 0.04255480369702558 0.017885272840258093 0.05771631
0.0 0.0 0.0 0.22994652406417115 0.0 0.0 0.10943978952786748 0.0 0.05287540392919443 0.0 0.1850639137521808 0.025165299196247548 0.0 0.07778014002623868 0.04255480369702558 0.017885272840258093 0.05790714
0.0 0.0 0.0 0.22994652406417115 0.0 0.0 0.05195315851182469 0.0 0.05287540392919443 0.0 0.1850639137521808 0.011946448213948968 0.0 0.07778014002623868 0.04255480369702558 0.017885272840258093 0.05775198
0.0 0.0 0.0 0.22994652406417115 0.0 0.0 0.10943978952786748 0.0 0.05287540392919443 0.0 0.1850639137521808 0.025165299196247548 0.0 0.07778014002623868 0.04255480369702558 0.017885272840258093 0.05750485
0.0 0.0 0.0 0.22994652406417115 0.0 0.0 0.10943978952786748 0.0 0.05287540392919443 0.0 0.1850639137521808 0.025165299196247548 0.0 0.07778014002623868 0.04255480369702558 0.017885272840258093 0.05784674
0.0 0.0 0.0 0.0 0.0 0.0 0.0 0.0 0.0 0.0 0.1850639137521808 0.0 0.0 0.07778014002623868 0.04255480369702558 0.017885272840258093 0.05777420
0.0 0.0 0.0 0.0 0.8048128342245989 0.0 0.0 0.33825316709085196 0.0 0.18506391375218056 0.1850639137521808 0.0 0.07778014002623868 0.07778014002623868 0.04255480369702558 0.017885272840258093 0.05784152
0.0 0.0 0.0 0.0 0.0 0.0 0.0 0.0 0.0 0.0 0.0 0.025165299196247548 0.0 0.0 0.0 0.017885272840258093 0.05773387
0.0 0.0 0.0 0.0 0.0 0.0 0.0 0.0 0.0 0.0 0.0 0.011946448213948968 0.0 0.0 0.0 0.017885272840258093 0.05750168
0.0 0.0 0.0 0.0 0.0 0.0 0.0 0.0 0.0 0.0 0.0 0.025165299196247548 0.0 0.0 0.0 0.017885272840258093 0.05764743
0.0 0.0 0.0 0.0 0.0 0.0 0.0 0.0 0.0 0.0 0.0 0.025165299196247548 0.0 0.0 0.0 0.017885272840258093 0.05756862
0.0 0.0 0.0 0.0 0.0 0.0 0.0 0.0 0.0 0.0 0.0 0.0 0.0 0.0 0.0 0.017885272840258093 0.05772687
0.0 0.0 0.0 0.0 0.0 0.0 0.0 0.0 0.0 0.0 0.0 0.025165299196247548 0.0 0.0 0.0 0.017885272840258093 0.05768462
0.0 0.0 0.0 0.0 0.0 0.0 0.0 0.0 0.0 0.0 0.0 0.011946448213948968 0.0 0.0 0.0 0.017885272840258093 0.05734513
0.0 0.0 0.0 0.0 0.0 0.0 0.0 0.0 0.0 0.0 0.0 0.025165299196247548 0.0 0.0 0.0 0.017885272840258093 0.05748663
0.0 0.0 0.0 0.0 0.0 0.0 0.0 0.0 0.0 0.0 0.0 0.025165299196247548 0.0 0.0 0.0 0.017885272840258093 0.05752387
0.0 0.0 0.0 0.0 0.0 0.0 0.0 0.0 0.0 0.0 0.0 0.0 0.0 0.0 0.0 0.017885272840258093 0.05759547
0.0 0.0 0.0 0.0 0.0 0.0 0.0 0.0 0.0 0.0 0.0 0.025165299196247548 0.0 0.0 0.0 0.017885272840258093 0.05773034
0.0 0.0 0.0 0.0 0.0 0.0 0.0 0.0 0.0 0.0 0.0 0.011946448213948968 0.0 0.0 0.0 0.017885272840258093 0.05781905
0.0 0.0 0.0 0.0 0.0 0.0 0.0 0.0 0.0 0.0 0.0 0.025165299196247548 0.0 0.0 0.0 0.017885272840258093 0.05763306
0.0 0.0 0.0 0.0 0.0 0.0 0.0 0.0 0.0 0.0 0.0 0.025165299196247548 0.0 0.0 0.0 0.017885272840258093 0.05777805
0.0 0.0 0.0 0.0 0.0 0.0 0.0 0.0 0.0 0.0 0.0 0.0 0.0 0.0 0.0 0.017885272840258093 0.05769664
0.0 0.0 0.0 0.0 0.0 0.10943978952786748 0.0 0.0 0.0 0.0 0.0 0.025165299196247548 0.07778014002623868 0.0 0.0 0.017885272840258093 0.05774615
0.0 0.0 0.0 0.0 0.0 0.05195315851182469 0.0 0.0 0.0 0.0 0.0 0.011946448213948968 0.07778014002623868 0.0 0.0 0.017885272840258093 0.05767161
0.0 0.0 0.0 0.0 0.0 0.10943978952786748 0.0 0.0 0.0 0.0 0.0 0.025165299196247548 0.07778014002623868 0.0 0.0 0.017885272840258093 0.05768813
0.0 0.0 0.0 0.0 0.0 0.10943978952786748 0.0 0.0 0.0 0.0 0.0 0.025165299196247548 0.07778014002623868 0.0 0.0 0.017885272840258093 0.05767406
0.0 0.0 0.0 0.0 0.0 0.0 0.0 0.0 0.0 0.0 0.0 0.0 0.07778014002623868 0.0 0.0 0.017885272840258093 0.05795616
0.0 0.0 0.0 0.0 0.0 0.0 0.0 0.0 0.0 0.0 0.0 0.025165299196247548 0.0 0.0 0.0 0.017885272840258093 0.05769692
0.0 0.0 0.0 0.0 0.0 0.0 0.0 0.0 0.0 0.0 0.0 0.011946448213948968 0.0 0.0 0.0 0.017885272840258093 0.05802470
0.0 0.0 0.0 0.0 0.0 0.0 0.0 0.0 0.0 0.0 0.0 0.025165299196247548 0.0 0.0 0.0 0.017885272840258093 0.05782300
0.0 0.0 0.0 0.0 0.0 0.0 0.0 0.0 0.0 0.0 0.0 0.025165299196247548 0.0 0.0 0.0 0.017885272840258093 0.05789879
0.0 0.0 0.0 0.0 0.0 0.0 0.0 0.0 0.0 0.0 0.0 0.0 0.0 0.0 0.0 0.017885272840258093 0.05800089
0.0 0.0 0.0 0.0 0.0 0.0 0.0 0.0 0.0 0.0 0.0 0.025165299196247548 0.0 0.0 0.0 0.017885272840258093 0.05780999
0.0 0.0 0.0 0.0 0.0 0.0 0.0 0.0 0.0 0.0 0.0 0.011946448213948968 0.0 0.0 0.0 0.017885272840258093 0.05786783
0.0 0.0 0.0 0.0 0.0 0.0 0.0 0.0 0.0 0.0 0.0 0.025165299196247548 0.0 0.0 0.0 0.017885272840258093 0.05777684
0.0 0.0 0.0 0.0 0.0 0.0 0.0 0.0 0.0 0.0 0.0 0.025165299196247548 0.0 0.0 0.0 0.017885272840258093 0.05753200
0.0 0.0 0.0 0.0 0.0 0.0 0.0 0.0 0.0 0.0 0.0 0.0 0.0 0.0 0.0 0.017885272840258093 0.05800713
0.0 0.0 0.0 0.0 0.0 0.0 0.0 0.0 0.0 0.0 0.0 0.025165299196247548 0.0 0.0 0.0 0.017885272840258093 0.05773616
0.0 0.0 0.0 0.0 0.0 0.0 0.0 0.0 0.0 0.0 0.0 0.011946448213948968 0.0 0.0 0.0 0.017885272840258093 0.05821700
0.0 0.0 0.0 0.0 0.0 0.0 0.0 0.0 0.0 0.0 0.0 0.025165299196247548 0.0 0.0 0.0 0.017885272840258093 0.05785816
0.0 0.0 0.0 0.0 0.0 0.0 0.0 0.0 0.0 0.0 0.0 0.025165299196247548 0.0 0.0 0.0 0.017885272840258093 0.05760023
0.0 0.0 0.0 0.0 0.0 0.0 0.0 0.0 0.0 0.0 0.0 0.0 0.0 0.0 0.0 0.017885272840258093 0.05785665
0.0 0.0 0.0 0.0 0.0 0.10943978952786748 0.0 0.0 0.0 0.0 0.0 0.025165299196247548 0.07778014002623868 0.0 0.0 0.017885272840258093 0.05779215
0.0 0.0 0.0 0.0 0.0 0.05195315851182469 0.0 0.0 0.0 0.0 0.0 0.011946448213948968 0.07778014002623868 0.0 0.0 0.017885272840258093 0.05769448
0.0 0.0 0.0 0.0 0.0 0.10943978952786748 0.0 0.0 0.0 0.0 0.0 0.025165299196247548 0.07778014002623868 0.0 0.0 0.017885272840258093 0.05777725
0.0 0.0 0.0 0.0 0.0 0.10943978952786748 0.0 0.0 0.0 0.0 0.0 0.025165299196247548 0.07778014002623868 0.0 0.0 0.017885272840258093 0.05767671
0.0 0.0 0.0 0.0 0.0 0.0 0.0 0.0 0.0 0.0 0.0 0.0 0.07778014002623868 0.0 0.0 0.017885272840258093 0.05783787
0.0 0.0 0.0 0.0 0.0 0.0 0.0 0.0 0.0 0.0 0.0 0.025165299196247548 0.0 0.0 0.0 0.017885272840258093 0.05780154
0.0 0.0 0.0 0.0 0.0 0.0 0.0 0.0 0.0 0.0 0.0 0.011946448213948968 0.0 0.0 0.0 0.017885272840258093 0.05798539
0.0 0.0 0.0 0.0 0.0 0.0 0.0 0.0 0.0 0.0 0.0 0.025165299196247548 0.0 0.0 0.0 0.017885272840258093 0.05780898
0.0 0.0 0.0 0.0 0.0 0.0 0.0 0.0 0.0 0.0 0.0 0.025165299196247548 0.0 0.0 0.0 0.017885272840258093 0.05798548
0.0 0.0 0.0 0.0 0.0 0.0 0.0 0.0 0.0 0.0 0.0 0.0 0.0 0.0 0.0 0.017885272840258093 0.05785074
0.0 0.0 0.0 0.0 0.0 0.0 0.0 0.0 0.0 0.0 0.0 0.025165299196247548 0.0 0.0 0.0 0.017885272840258093 0.05797684
0.0 0.0 0.0 0.0 0.0 0.0 0.0 0.0 0.0 0.0 0.0 0.011946448213948968 0.0 0.0 0.0 0.017885272840258093 0.05767535
0.0 0.0 0.0 0.0 0.0 0.0 0.0 0.0 0.0 0.0 0.0 0.025165299196247548 0.0 0.0 0.0 0.017885272840258093 0.05791309
0.0 0.0 0.0 0.0 0.0 0.0 0.0 0.0 0.0 0.0 0.0 0.025165299196247548 0.0 0.0 0.0 0.017885272840258093 0.05791585
0.0 0.0 0.0 0.0 0.0 0.0 0.0 0.0 0.0 0.0 0.0 0.0 0.0 0.0 0.0 0.017885272840258093 0.05805613
0.0 0.0 0.0 0.0 0.0 0.0 0.0 0.0 0.0 0.0 0.0 0.025165299196247548 0.0 0.0 0.0 0.017885272840258093 0.05761047
0.0 0.0 0.0 0.0 0.0 0.0 0.0 0.0 0.0 0.0 0.0 0.011946448213948968 0.0 0.0 0.0 0.017885272840258093 0.05768020
0.0 0.0 0.0 0.0 0.0 0.0 0.0 0.0 0.0 0.0 0.0 0.025165299196247548 0.0 0.0 0.0 0.017885272840258093 0.05767619
0.0 0.0 0.0 0.0 0.0 0.0 0.0 0.0 0.0 0.0 0.0 0.025165299196247548 0.0 0.0 0.0 0.017885272840258093 0.05788912
0.0 0.0 0.0 0.0 0.0 0.0 0.0 0.0 0.0 0.0 0.0 0.0 0.0 0.0 0.0 0.017885272840258093 0.05756305
0.0 0.0 0.0 0.0 0.0 0.10943978952786748 0.0 0.0 0.0 0.0 0.0 0.025165299196247548 0.07778014002623868 0.0 0.0 0.017885272840258093 0.05785657
0.0 0.0 0.0 0.0 0.0 0.05195315851182469 0.0 0.0 0.0 0.0 0.0 0.011946448213948968 0.07778014002623868 0.0 0.0 0.017885272840258093 0.05766579
0.0 0.0 0.0 0.0 0.0 0.10943978952786748 0.0 0.0 0.0 0.0 0.0 0.025165299196247548 0.07778014002623868 0.0 0.0 0.017885272840258093 0.05788376
0.0 0.0 0.0 0.0 0.0 0.10943978952786748 0.0 0.0 0.0 0.0 0.0 0.025165299196247548 0.07778014002623868 0.0 0.0 0.017885272840258093 0.05757620
0.0 0.0 0.0 0.0 0.0 0.0 0.0 0.0 0.0 0.0 0.0 0.0 0.07778014002623868 0.0 0.0 0.017885272840258093 0.05770257
0.0 0.0 0.0 0.0 0.0 0.0 0.10943978952786748 0.0 0.0 0.0 0.0 0.025165299196247548 0.0 0.07778014002623868 0.0 0.017885272840258093 0.05756280
0.0 0.0 0.0 0.0 0.0 0.0 0.05195315851182469 0.0 0.0 0.0 0.0 0.011946448213948968 0.0 0.07778014002623868 0.0 0.017885272840258093 0.05769297
0.0 0.0 0.0 0.0 0.0 0.0 0.10943978952786748 0.0 0.0 0.0 0.0 0.025165299196247548 0.0 0.07778014002623868 0.0 0.017885272840258093 0.05766995
0.0 0.0 0.0 0.0 0.0 0.0 0.10943978952786748 0.0 0.0 0.0 0.0 0.025165299196247548 0.0 0.07778014002623868 0.0 0.017885272840258093 0.05773657
0.0 0.0 0.0 0.0 0.0 0.0 0.0 0.0 0.0 0.0 0.0 0.0 0.0 0.07778014002623868 0.0 0.017885272840258093 0.05773926
0.0 0.0 0.0 0.0 0.0 0.0 0.10943978952786748 0.0 0.0 0.0 0.0 0.025165299196247548 0.0 0.07778014002623868 0.0 0.017885272840258093 0.05794941
0.0 0.0 0.0 0.0 0.0 0.0 0.05195315851182469 0.0 0.0 0.0 0.0 0.011946448213948968 0.0 0.07778014002623868 0.0 0.017885272840258093 0.05779708
0.0 0.0 0.0 0.0 0.0 0.0 0.10943978952786748 0.0 0.0 0.0 0.0 0.025165299196247548 0.0 0.07778014002623868 0.0 0.017885272840258093 0.05781895
0.0 0.0 0.0 0.0 0.0 0.0 0.10943978952786748 0.0 0.0 0.0 0.0 0.025165299196247548 0.0 0.07778014002623868 0.0 0.017885272840258093 0.05766261
0.0 0.0 0.0 0.0 0.0 0.0 0.0 0.0 0.0 0.0 0.0 0.0 0.0 0.07778014002623868 0.0 0.017885272840258093 0.05787181
0.0 0.0 0.0 0.0 0.0 0.0 0.10943978952786748 0.0 0.0 0.0 0.0 0.025165299196247548 0.0 0.07778014002623868 0.0 0.017885272840258093 0.05778442
0.0 0.0 0.0 0.0 0.0 0.0 0.05195315851182469 0.0 0.0 0.0 0.0 0.011946448213948968 0.0 0.07778014002623868 0.0 0.017885272840258093 0.05771087
0.0 0.0 0.0 0.0 0.0 0.0 0.10943978952786748 0.0 0.0 0.0 0.0 0.025165299196247548 0.0 0.07778014002623868 0.0 0.017885272840258093 0.05785553
0.0 0.0 0.0 0.0 0.0 0.0 0.10943978952786748 0.0 0.0 0.0 0.0 0.025165299196247548 0.0 0.07778014002623868 0.0 0.017885272840258093 0.05775030
0.0 0.0 0.0 0.0 0.0 0.0 0.0 0.0 0.0 0.0 0.0 0.0 0.0 0.07778014002623868 0.0 0.017885272840258093 0.05790632
0.0 0.47593582887700536 0.0 0.0 0.0 0.10943978952786748 0.10943978952786748 0.33825316709085196 0.0 0.0 0.0 0.025165299196247548 0.07778014002623868 0.07778014002623868 0.0 0.017885272840258093 0.05792803
0.0 0.22593582887700525 0.0 0.0 0.0 0.05195315851182469 0.05195315851182469 0.33825316709085196 0.0 0.0 0.0 0.011946448213948968 0.07778014002623868 0.07778014002623868 0.0 0.017885272840258093 0.05772011
0.0 0.47593582887700536 0.0 0.0 0.0 0.10943978952786748 0.10943978952786748 0.33825316709085196 0.0 0.0 0.0 0.025165299196247548 0.07778014002623868 0.07778014002623868 0.0 0.017885272840258093 0.05788612
0.0 0.47593582887700536 0.0 0.0 0.0 0.10943978952786748 0.10943978952786748 0.33825316709085196 0.0 0.0 0.0 0.025165299196247548 0.07778014002623868 0.07778014002623868 0.0 0.017885272840258093 0.05768892
0.0 0.0 0.0 0.0 0.0 0.0 0.0 0.33825316709085196 0.0 0.0 0.0 0.0 0.07778014002623868 0.07778014002623868 0.0 0.017885272840258093 0.05755708
0.0 0.0 0.0 0.0 0.0 0.0 0.0 0.0 0.0 0.0 0.0 0.025165299196247548 0.0 0.0 0.0 0.017885272840258093 0.05763624
0.0 0.0 0.0 0.0 0.0 0.0 0.0 0.0 0.0 0.0 0.0 0.011946448213948968 0.0 0.0 0.0 0.017885272840258093 0.05743747
0.0 0.0 0.0 0.0 0.0 0.0 0.0 0.0 0.0 0.0 0.0 0.025165299196247548 0.0 0.0 0.0 0.017885272840258093 0.05739462
0.0 0.0 0.0 0.0 0.0 0.0 0.0 0.0 0.0 0.0 0.0 0.025165299196247548 0.0 0.0 0.0 0.017885272840258093 0.05779257
0.0 0.0 0.0 0.0 0.0 0.0 0.0 0.0 0.0 0.0 0.0 0.0 0.0 0.0 0.0 0.017885272840258093 0.05751716
0.0 0.0 0.0 0.0 0.0 0.0 0.0 0.0 0.0 0.0 0.0 0.025165299196247548 0.0 0.0 0.0 0.017885272840258093 0.05764963
0.0 0.0 0.0 0.0 0.0 0.0 0.0 0.0 0.0 0.0 0.0 0.011946448213948968 0.0 0.0 0.0 0.017885272840258093 0.05756222
0.0 0.0 0.0 0.0 0.0 0.0 0.0 0.0 0.0 0.0 0.0 0.025165299196247548 0.0 0.0 0.0 0.017885272840258093 0.05765225
0.0 0.0 0.0 0.0 0.0 0.0 0.0 0.0 0.0 0.0 0.0 0.025165299196247548 0.0 0.0 0.0 0.017885272840258093 0.05777060
0.0 0.0 0.0 0.0 0.0 0.0 0.0 0.0 0.0 0.0 0.0 0.0 0.0 0.0 0.0 0.017885272840258093 0.05763002
0.0 0.0 0.0 0.0 0.0 0.0 0.0 0.0 0.0 0.0 0.0 0.025165299196247548 0.0 0.0 0.0 0.017885272840258093 0.05754637
0.0 0.0 0.0 0.0 0.0 0.0 0.0 0.0 0.0 0.0 0.0 0.011946448213948968 0.0 0.0 0.0 0.017885272840258093 0.05761057
0.0 0.0 0.0 0.0 0.0 0.0 0.0 0.0 0.0 0.0 0.0 0.025165299196247548 0.0 0.0 0.0 0.017885272840258093 0.05750898
0.0 0.0 0.0 0.0 0.0 0.0 0.0 0.0 0.0 0.0 0.0 0.025165299196247548 0.0 0.0 0.0 0.017885272840258093 0.05768096
0.0 0.0 0.0 0.0 0.0 0.0 0.0 0.0 0.0 0.0 0.0 0.0 0.0 0.0 0.0 0.017885272840258093 0.05771520
0.0 0.0 0.0 0.0 0.0 0.10943978952786748 0.0 0.0 0.0 0.0 0.0 0.025165299196247548 0.07778014002623868 0.0 0.0 0.017885272840258093 0.05756525
0.0 0.0 0.0 0.0 0.0 0.05195315851182469 0.0 0.0 0.0 0.0 0.0 0.011946448213948968 0.07778014002623868 0.0 0.0 0.017885272840258093 0.05774496
0.0 0.0 0.0 0.0 0.0 0.10943978952786748 0.0 0.0 0.0 0.0 0.0 0.025165299196247548 0.07778014002623868 0.0 0.0 0.017885272840258093 0.05774928
0.0 0.0 0.0 0.0 0.0 0.10943978952786748 0.0 0.0 0.0 0.0 0.0 0.025165299196247548 0.07778014002623868 0.0 0.0 0.017885272840258093 0.05762853
0.0 0.0 0.0 0.0 0.0 0.0 0.0 0.0 0.0 0.0 0.0 0.0 0.07778014002623868 0.0 0.0 0.017885272840258093 0.05780714
0.0 0.0 0.0 0.0 0.0 0.0 0.0 0.0 0.0 0.0 0.0 0.025165299196247548 0.0 0.0 0.0 0.017885272840258093 0.05763823
0.0 0.0 0.0 0.0 0.0 0.0 0.0 0.0 0.0 0.0 0.0 0.011946448213948968 0.0 0.0 0.0 0.017885272840258093 0.05774410
0.0 0.0 0.0 0.0 0.0 0.0 0.0 0.0 0.0 0.0 0.0 0.025165299196247548 0.0 0.0 0.0 0.017885272840258093 0.05777714
0.0 0.0 0.0 0.0 0.0 0.0 0.0 0.0 0.0 0.0 0.0 0.025165299196247548 0.0 0.0 0.0 0.017885272840258093 0.05750226
0.0 0.0 0.0 0.0 0.0 0.0 0.0 0.0 0.0 0.0 0.0 0.0 0.0 0.0 0.0 0.017885272840258093 0.05745997
0.0 0.0 0.0 0.0 0.0 0.0 0.0 0.0 0.0 0.0 0.0 0.025165299196247548 0.0 0.0 0.0 0.017885272840258093 0.05773054
0.0 0.0 0.0 0.0 0.0 0.0 0.0 0.0 0.0 0.0 0.0 0.011946448213948968 0.0 0.0 0.0 0.017885272840258093 0.05758451
0.0 0.0 0.0 0.0 0.0 0.0 0.0 0.0 0.0 0.0 0.0 0.025165299196247548 0.0 0.0 0.0 0.017885272840258093 0.05772377
0.0 0.0 0.0 0.0 0.0 0.0 0.0 0.0 0.0 0.0 0.0 0.025165299196247548 0.0 0.0 0.0 0.017885272840258093 0.05757470
0.0 0.0 0.0 0.0 0.0 0.0 0.0 0.0 0.0 0.0 0.0 0.0 0.0 0.0 0.0 0.017885272840258093 0.05773127
0.0 0.0 0.0 0.0 0.0 0.0 0.0 0.0 0.0 0.0 0.0 0.025165299196247548 0.0 0.0 0.0 0.017885272840258093 0.05755947
0.0 0.0 0.0 0.0 0.0 0.0 0.0 0.0 0.0 0.0 0.0 0.011946448213948968 0.0 0.0 0.0 0.017885272840258093 0.05753605
0.0 0.0 0.0 0.0 0.0 0.0 0.0 0.0 0.0 0.0 0.0 0.025165299196247548 0.0 0.0 0.0 0.017885272840258093 0.05757558
0.0 0.0 0.0 0.0 0.0 0.0 0.0 0.0 0.0 0.0 0.0 0.025165299196247548 0.0 0.0 0.0 0.017885272840258093 0.05749247
0.0 0.0 0.0 0.0 0.0 0.0 0.0 0.0 0.0 0.0 0.0 0.0 0.0 0.0 0.0 0.017885272840258093 0.05776721
0.0 0.0 0.0 0.0 0.0 0.10943978952786748 0.0 0.0 0.0 0.0 0.0 0.025165299196247548 0.07778014002623868 0.0 0.0 0.017885272840258093 0.05782857
0.0 0.0 0.0 0.0 0.0 0.05195315851182469 0.0 0.0 0.0 0.0 0.0 0.011946448213948968 0.07778014002623868 0.0 0.0 0.017885272840258093 0.05777569
0.0 0.0 0.0 0.0 0.0 0.10943978952786748 0.0 0.0 0.0 0.0 0.0 0.025165299196247548 0.07778014002623868 0.0 0.0 0.017885272840258093 0.05784064
0.0 0.0 0.0 0.0 0.0 0.10943978952786748 0.0 0.0 0.0 0.0 0.0 0.025165299196247548 0.07778014002623868 0.0 0.0 0.017885272840258093 0.05775748
0.0 0.0 0.0 0.0 0.0 0.0 0.0 0.0 0.0 0.0 0.0 0.0 0.07778014002623868 0.0 0.0 0.017885272840258093 0.05752939
0.0 0.0 0.0 0.0 0.0 0.0 0.0 0.0 0.0 0.0 0.0 0.025165299196247548 0.0 0.0 0.0 0.017885272840258093 0.05777374
0.0 0.0 0.0 0.0 0.0 0.0 0.0 0.0 0.0 0.0 0.0 0.011946448213948968 0.0 0.0 0.0 0.017885272840258093 0.05767919
0.0 0.0 0.0 0.0 0.0 0.0 0.0 0.0 0.0 0.0 0.0 0.025165299196247548 0.0 0.0 0.0 0.017885272840258093 0.05752125
0.0 0.0 0.0 0.0 0.0 0.0 0.0 0.0 0.0 0.0 0.0 0.025165299196247548 0.0 0.0 0.0 0.017885272840258093 0.05772142
0.0 0.0 0.0 0.0 0.0 0.0 0.0 0.0 0.0 0.0 0.0 0.0 0.0 0.0 0.0 0.017885272840258093 0.05738959
0.0 0.0 0.0 0.0 0.0 0.0 0.0 0.0 0.0 0.0 0.0 0.025165299196247548 0.0 0.0 0.0 0.017885272840258093 0.05771936
0.0 0.0 0.0 0.0 0.0 0.0 0.0 0.0 0.0 0.0 0.0 0.011946448213948968 0.0 0.0 0.0 0.017885272840258093 0.05785010
0.0 0.0 0.0 0.0 0.0 0.0 0.0 0.0 0.0 0.0 0.0 0.025165299196247548 0.0 0.0 0.0 0.017885272840258093 0.05755329
0.0 0.0 0.0 0.0 0.0 0.0 0.0 0.0 0.0 0.0 0.0 0.025165299196247548 0.0 0.0 0.0 0.017885272840258093 0.05774137
0.0 0.0 0.0 0.0 0.0 0.0 0.0 0.0 0.0 0.0 0.0 0.0 0.0 0.0 0.0 0.017885272840258093 0.05780742
0.0 0.0 0.0 0.0 0.0 0.0 0.0 0.0 0.0 0.0 0.0 0.025165299196247548 0.0 0.0 0.0 0.017885272840258093 0.05765773
0.0 0.0 0.0 0.0 0.0 0.0 0.0 0.0 0.0 0.0 0.0 0.011946448213948968 0.0 0.0 0.0 0.017885272840258093 0.05782412
0.0 0.0 0.0 0.0 0.0 0.0 0.0 0.0 0.0 0.0 0.0 0.025165299196247548 0.0 0.0 0.0 0.017885272840258093 0.05750486
0.0 0.0 0.0 0.0 0.0 0.0 0.0 0.0 0.0 0.0 0.0 0.025165299196247548 0.0 0.0 0.0 0.017885272840258093 0.05772006
0.0 0.0 0.0 0.0 0.0 0.0 0.0 0.0 0.0 0.0 0.0 0.0 0.0 0.0 0.0 0.017885272840258093 0.05752355
0.0 0.0 0.0 0.0 0.0 0.10943978952786748 0.0 0.0 0.0 0.0 0.0 0.025165299196247548 0.07778014002623868 0.0 0.0 0.017885272840258093 0.05771277
0.0 0.0 0.0 0.0 0.0 0.05195315851182469 0.0 0.0 0.0 0.0 0.0 0.011946448213948968 0.07778014002623868 0.0 0.0 0.017885272840258093 0.05790162
0.0 0.0 0.0 0.0 0.0 0.10943978952786748 0.0 0.0 0.0 0.0 0.0 0.025165299196247548 0.07778014002623868 0.0 0.0 0.017885272840258093 0.05782192
0.0 0.0 0.0 0.0 0.0 0.10943978952786748 0.0 0.0 0.0 0.0 0.0 0.025165299196247548 0.07778014002623868 0.0 0.0 0.017885272840258093 0.05782589
0.0 0.0 0.0 0.0 0.0 0.0 0.0 0.0 0.0 0.0 0.0 0.0 0.07778014002623868 0.0 0.0 0.017885272840258093 0.05776077
0.0 0.0 0.0 0.0 0.0 0.0 0.10943978952786748 0.0 0.0 0.0 0.0 0.025165299196247548 0.0 0.07778014002623868 0.0 0.017885272840258093 0.05752966
0.0 0.0 0.0 0.0 0.0 0.0 0.05195315851182469 0.0 0.0 0.0 0.0 0.011946448213948968 0.0 0.07778014002623868 0.0 0.017885272840258093 0.05781763
0.0 0.0 0.0 0.0 0.0 0.0 0.10943978952786748 0.0 0.0 0.0 0.0 0.025165299196247548 0.0 0.07778014002623868 0.0 0.017885272840258093 0.05771818
0.0 0.0 0.0 0.0 0.0 0.0 0.10943978952786748 0.0 0.0 0.0 0.0 0.025165299196247548 0.0 0.07778014002623868 0.0 0.017885272840258093 0.05771918
0.0 0.0 0.0 0.0 0.0 0.0 0.0 0.0 0.0 0.0 0.0 0.0 0.0 0.07778014002623868 0.0 0.017885272840258093 0.05775679
0.0 0.0 0.0 0.0 0.0 0.0 0.10943978952786748 0.0 0.0 0.0 0.0 0.025165299196247548 0.0 0.07778014002623868 0.0 0.017885272840258093 0.05776699
0.0 0.0 0.0 0.0 0.0 0.0 0.05195315851182469 0.0 0.0 0.0 0.0 0.011946448213948968 0.0 0.07778014002623868 0.0 0.017885272840258093 0.05774606
0.0 0.0 0.0 0.0 0.0 0.0 0.10943978952786748 0.0 0.0 0.0 0.0 0.025165299196247548 0.0 0.07778014002623868 0.0 0.017885272840258093 0.05786570
0.0 0.0 0.0 0.0 0.0 0.0 0.10943978952786748 0.0 0.0 0.0 0.0 0.025165299196247548 0.0 0.07778014002623868 0.0 0.017885272840258093 0.05777879
0.0 0.0 0.0 0.0 0.0 0.0 0.0 0.0 0.0 0.0 0.0 0.0 0.0 0.07778014002623868 0.0 0.017885272840258093 0.05785189
0.0 0.0 0.0 0.0 0.0 0.0 0.10943978952786748 0.0 0.0 0.0 0.0 0.025165299196247548 0.0 0.07778014002623868 0.0 0.017885272840258093 0.05756855
0.0 0.0 0.0 0.0 0.0 0.0 0.05195315851182469 0.0 0.0 0.0 0.0 0.011946448213948968 0.0 0.07778014002623868 0.0 0.017885272840258093 0.05787509
0.0 0.0 0.0 0.0 0.0 0.0 0.10943978952786748 0.0 0.0 0.0 0.0 0.025165299196247548 0.0 0.07778014002623868 0.0 0.017885272840258093 0.05766203
0.0 0.0 0.0 0.0 0.0 0.0 0.10943978952786748 0.0 0.0 0.0 0.0 0.025165299196247548 0.0 0.07778014002623868 0.0 0.017885272840258093 0.05795600
0.0 0.0 0.0 0.0 0.0 0.0 0.0 0.0 0.0 0.0 0.0 0.0 0.0 0.07778014002623868 0.0 0.017885272840258093 0.05749690
0.0 0.47593582887700536 0.0 0.0 0.0 0.10943978952786748 0.10943978952786748 0.33825316709085196 0.0 0.0 0.0 0.025165299196247548 0.07778014002623868 0.07778014002623868 0.0 0.017885272840258093 0.05777604
0.0 0.22593582887700525 0.0 0.0 0.0 0.05195315851182469 0.05195315851182469 0.33825316709085196 0.0 0.0 0.0 0.011946448213948968 0.07778014002623868 0.07778014002623868 0.0 0.017885272840258093 0.05772418
0.0 0.47593582887700536 0.0 0.0 0.0 0.10943978952786748 0.10943978952786748 0.33825316709085196 0.0 0.0 0.0 0.025165299196247548 0.07778014002623868 0.07778014002623868 0.0 0.017885272840258093 0.05768840
0.0 0.47593582887700536 0.0 0.0 0.0 0.10943978952786748 0.10943978952786748 0.33825316709085196 0.0 0.0 0.0 0.025165299196247548 0.07778014002623868 0.07778014002623868 0.0 0.017885272840258093 0.05792013
0.0 0.0 0.0 0.0 0.0 0.0 0.0 0.33825316709085196 0.0 0.0 0.0 0.0 0.07778014002623868 0.07778014002623868 0.0 0.017885272840258093 0.05761422
0.0 0.0 0.0 0.0 0.0 0.0 0.0 0.0 0.0 0.0 0.0 0.025165299196247548 0.0 0.0 0.0 0.017885272840258093 0.05776038
0.0 0.0 0.0 0.0 0.0 0.0 0.0 0.0 0.0 0.0 0.0 0.011946448213948968 0.0 0.0 0.0 0.017885272840258093 0.05799322
0.0 0.0 0.0 0.0 0.0 0.0 0.0 0.0 0.0 0.0 0.0 0.025165299196247548 0.0 0.0 0.0 0.017885272840258093 0.05760464
0.0 0.0 0.0 0.0 0.0 0.0 0.0 0.0 0.0 0.0 0.0 0.025165299196247548 0.0 0.0 0.0 0.017885272840258093 0.05782401
0.0 0.0 0.0 0.0 0.0 0.0 0.0 0.0 0.0 0.0 0.0 0.0 0.0 0.0 0.0 0.017885272840258093 0.05787311
0.0 0.0 0.0 0.0 0.0 0.0 0.0 0.0 0.0 0.0 0.0 0.025165299196247548 0.0 0.0 0.0 0.017885272840258093 0.05782344
0.0 0.0 0.0 0.0 0.0 0.0 0.0 0.0 0.0 0.0 0.0 0.011946448213948968 0.0 0.0 0.0 0.017885272840258093 0.05776788
0.0 0.0 0.0 0.0 0.0 0.0 0.0 0.0 0.0 0.0 0.0 0.025165299196247548 0.0 0.0 0.0 0.017885272840258093 0.05801730
0.0 0.0 0.0 0.0 0.0 0.0 0.0 0.0 0.0 0.0 0.0 0.025165299196247548 0.0 0.0 0.0 0.017885272840258093 0.05775213
0.0 0.0 0.0 0.0 0.0 0.0 0.0 0.0 0.0 0.0 0.0 0.0 0.0 0.0 0.0 0.017885272840258093 0.05787152
0.0 0.0 0.0 0.0 0.0 0.0 0.0 0.0 0.0 0.0 0.0 0.025165299196247548 0.0 0.0 0.0 0.017885272840258093 0.05746671
0.0 0.0 0.0 0.0 0.0 0.0 0.0 0.0 0.0 0.0 0.0 0.011946448213948968 0.0 0.0 0.0 0.017885272840258093 0.05773652
0.0 0.0 0.0 0.0 0.0 0.0 0.0 0.0 0.0 0.0 0.0 0.025165299196247548 0.0 0.0 0.0 0.017885272840258093 0.05753418
0.0 0.0 0.0 0.0 0.0 0.0 0.0 0.0 0.0 0.0 0.0 0.025165299196247548 0.0 0.0 0.0 0.017885272840258093 0.05753560
0.0 0.0 0.0 0.0 0.0 0.0 0.0 0.0 0.0 0.0 0.0 0.0 0.0 0.0 0.0 0.017885272840258093 0.05771024
0.0 0.0 0.0 0.0 0.0 0.10943978952786748 0.0 0.0 0.0 0.0 0.0 0.025165299196247548 0.07778014002623868 0.0 0.0 0.017885272840258093 0.05756726
0.0 0.0 0.0 0.0 0.0 0.05195315851182469 0.0 0.0 0.0 0.0 0.0 0.011946448213948968 0.07778014002623868 0.0 0.0 0.017885272840258093 0.05749405
0.0 0.0 0.0 0.0 0.0 0.10943978952786748 0.0 0.0 0.0 0.0 0.0 0.025165299196247548 0.07778014002623868 0.0 0.0 0.017885272840258093 0.05781018
0.0 0.0 0.0 0.0 0.0 0.10943978952786748 0.0 0.0 0.0 0.0 0.0 0.025165299196247548 0.07778014002623868 0.0 0.0 0.017885272840258093 0.05733719
0.0 0.0 0.0 0.0 0.0 0.0 0.0 0.0 0.0 0.0 0.0 0.0 0.07778014002623868 0.0 0.0 0.017885272840258093 0.05767463
0.0 0.0 0.0 0.0 0.0 0.0 0.0 0.0 0.0 0.0 0.0 0.025165299196247548 0.0 0.0 0.0 0.017885272840258093 0.05751234
0.0 0.0 0.0 0.0 0.0 0.0 0.0 0.0 0.0 0.0 0.0 0.011946448213948968 0.0 0.0 0.0 0.017885272840258093 0.05771525
0.0 0.0 0.0 0.0 0.0 0.0 0.0 0.0 0.0 0.0 0.0 0.025165299196247548 0.0 0.0 0.0 0.017885272840258093 0.05768878
0.0 0.0 0.0 0.0 0.0 0.0 0.0 0.0 0.0 0.0 0.0 0.025165299196247548 0.0 0.0 0.0 0.017885272840258093 0.05760639
0.0 0.0 0.0 0.0 0.0 0.0 0.0 0.0 0.0 0.0 0.0 0.0 0.0 0.0 0.0 0.017885272840258093 0.05777903
0.0 0.0 0.0 0.0 0.0 0.0 0.0 0.0 0.0 0.0 0.0 0.025165299196247548 0.0 0.0 0.0 0.017885272840258093 0.05778315
0.0 0.0 0.0 0.0 0.0 0.0 0.0 0.0 0.0 0.0 0.0 0.011946448213948968 0.0 0.0 0.0 0.017885272840258093 0.05758474
0.0 0.0 0.0 0.0 0.0 0.0 0.0 0.0 0.0 0.0 0.0 0.025165299196247548 0.0 0.0 0.0 0.017885272840258093 0.05771337
0.0 0.0 0.0 0.0 0.0 0.0 0.0 0.0 0.0 0.0 0.0 0.025165299196247548 0.0 0.0 0.0 0.017885272840258093 0.05760135
0.0 0.0 0.0 0.0 0.0 0.0 0.0 0.0 0.0 0.0 0.0 0.0 0.0 0.0 0.0 0.017885272840258093 0.05765677
0.0 0.0 0.0 0.0 0.0 0.0 0.0 0.0 0.0 0.0 0.0 0.025165299196247548 0.0 0.0 0.0 0.017885272840258093 0.05755800
0.0 0.0 0.0 0.0 0.0 0.0 0.0 0.0 0.0 0.0 0.0 0.011946448213948968 0.0 0.0 0.0 0.017885272840258093 0.05763778
0.0 0.0 0.0 0.0 0.0 0.0 0.0 0.0 0.0 0.0 0.0 0.025165299196247548 0.0 0.0 0.0 0.017885272840258093 0.05755822
0.0 0.0 0.0 0.0 0.0 0.0 0.0 0.0 0.0 0.0 0.0 0.025165299196247548 0.0 0.0 0.0 0.017885272840258093 0.05776615
0.0 0.0 0.0 0.0 0.0 0.0 0.0 0.0 0.0 0.0 0.0 0.0 0.0 0.0 0.0 0.017885272840258093 0.05745337
0.0 0.0 0.0 0.0 0.0 0.10943978952786748 0.0 0.0 0.0 0.0 0.0 0.025165299196247548 0.07778014002623868 0.0 0.0 0.017885272840258093 0.05780424
0.0 0.0 0.0 0.0 0.0 0.05195315851182469 0.0 0.0 0.0 0.0 0.0 0.011946448213948968 0.07778014002623868 0.0 0.0 0.017885272840258093 0.05761091
0.0 0.0 0.0 0.0 0.0 0.10943978952786748 0.0 0.0 0.0 0.0 0.0 0.025165299196247548 0.07778014002623868 0.0 0.0 0.017885272840258093 0.05760200
0.0 0.0 0.0 0.0 0.0 0.10943978952786748 0.0 0.0 0.0 0.0 0.0 0.025165299196247548 0.07778014002623868 0.0 0.0 0.017885272840258093 0.05765812
0.0 0.0 0.0 0.0 0.0 0.0 0.0 0.0 0.0 0.0 0.0 0.0 0.07778014002623868 0.0 0.0 0.017885272840258093 0.05742599
0.0 0.0 0.0 0.0 0.0 0.0 0.0 0.0 0.0 0.0 0.0 0.025165299196247548 0.0 0.0 0.0 0.017885272840258093 0.05739850
0.0 0.0 0.0 0.0 0.0 0.0 0.0 0.0 0.0 0.0 0.0 0.011946448213948968 0.0 0.0 0.0 0.017885272840258093 0.05766185
0.0 0.0 0.0 0.0 0.0 0.0 0.0 0.0 0.0 0.0 0.0 0.025165299196247548 0.0 0.0 0.0 0.017885272840258093 0.05749304
0.0 0.0 0.0 0.0 0.0 0.0 0.0 0.0 0.0 0.0 0.0 0.025165299196247548 0.0 0.0 0.0 0.017885272840258093 0.05763112
0.0 0.0 0.0 0.0 0.0 0.0 0.0 0.0 0.0 0.0 0.0 0.0 0.0 0.0 0.0 0.017885272840258093 0.05761751
0.0 0.0 0.0 0.0 0.0 0.0 0.0 0.0 0.0 0.0 0.0 0.025165299196247548 0.0 0.0 0.0 0.017885272840258093 0.05770021
0.0 0.0 0.0 0.0 0.0 0.0 0.0 0.0 0.0 0.0 0.0 0.011946448213948968 0.0 0.0 0.0 0.017885272840258093 0.05761823
0.0 0.0 0.0 0.0 0.0 0.0 0.0 0.0 0.0 0.0 0.0 0.025165299196247548 0.0 0.0 0.0 0.017885272840258093 0.05768464
0.0 0.0 0.0 0.0 0.0 0.0 0.0 0.0 0.0 0.0 0.0 0.025165299196247548 0.0 0.0 0.0 0.017885272840258093 0.05776598
0.0 0.0 0.0 0.0 0.0 0.0 0.0 0.0 0.0 0.0 0.0 0.0 0.0 0.0 0.0 0.017885272840258093 0.05773944
0.0 0.0 0.0 0.0 0.0 0.0 0.0 0.0 0.0 0.0 0.0 0.025165299196247548 0.0 0.0 0.0 0.017885272840258093 0.05774401
0.0 0.0 0.0 0.0 0.0 0.0 0.0 0.0 0.0 0.0 0.0 0.011946448213948968 0.0 0.0 0.0 0.017885272840258093 0.05793680
0.0 0.0 0.0 0.0 0.0 0.0 0.0 0.0 0.0 0.0 0.0 0.025165299196247548 0.0 0.0 0.0 0.017885272840258093 0.05786319
0.0 0.0 0.0 0.0 0.0 0.0 0.0 0.0 0.0 0.0 0.0 0.025165299196247548 0.0 0.0 0.0 0.017885272840258093 0.05774959
0.0 0.0 0.0 0.0 0.0 0.0 0.0 0.0 0.0 0.0 0.0 0.0 0.0 0.0 0.0 0.017885272840258093 0.05803705
0.0 0.0 0.0 0.0 0.0 0.10943978952786748 0.0 0.0 0.0 0.0 0.0 0.025165299196247548 0.07778014002623868 0.0 0.0 0.017885272840258093 0.05777467
0.0 0.0 0.0 0.0 0.0 0.05195315851182469 0.0 0.0 0.0 0.0 0.0 0.011946448213948968 0.07778014002623868 0.0 0.0 0.017885272840258093 0.05763263
0.0 0.0 0.0 0.0 0.0 0.10943978952786748 0.0 0.0 0.0 0.0 0.0 0.025165299196247548 0.07778014002623868 0.0 0.0 0.017885272840258093 0.05808251
0.0 0.0 0.0 0.0 0.0 0.10943978952786748 0.0 0.0 0.0 0.0 0.0 0.025165299196247548 0.07778014002623868 0.0 0.0 0.017885272840258093 0.05768152
0.0 0.0 0.0 0.0 0.0 0.0 0.0 0.0 0.0 0.0 0.0 0.0 0.07778014002623868 0.0 0.0 0.017885272840258093 0.05797531
0.0 0.0 0.0 0.0 0.0 0.0 0.10943978952786748 0.0 0.0 0.0 0.0 0.025165299196247548 0.0 0.07778014002623868 0.0 0.017885272840258093 0.05772032
0.0 0.0 0.0 0.0 0.0 0.0 0.05195315851182469 0.0 0.0 0.0 0.0 0.011946448213948968 0.0 0.07778014002623868 0.0 0.017885272840258093 0.05765529
0.0 0.0 0.0 0.0 0.0 0.0 0.10943978952786748 0.0 0.0 0.0 0.0 0.025165299196247548 0.0 0.07778014002623868 0.0 0.017885272840258093 0.05805613
0.0 0.0 0.0 0.0 0.0 0.0 0.10943978952786748 0.0 0.0 0.0 0.0 0.025165299196247548 0.0 0.07778014002623868 0.0 0.017885272840258093 0.05789027
0.0 0.0 0.0 0.0 0.0 0.0 0.0 0.0 0.0 0.0 0.0 0.0 0.0 0.07778014002623868 0.0 0.017885272840258093 0.05793790
0.0 0.0 0.0 0.0 0.0 0.0 0.10943978952786748 0.0 0.0 0.0 0.0 0.025165299196247548 0.0 0.07778014002623868 0.0 0.017885272840258093 0.05796007
0.0 0.0 0.0 0.0 0.0 0.0 0.05195315851182469 0.0 0.0 0.0 0.0 0.011946448213948968 0.0 0.07778014002623868 0.0 0.017885272840258093 0.05775271
0.0 0.0 0.0 0.0 0.0 0.0 0.10943978952786748 0.0 0.0 0.0 0.0 0.025165299196247548 0.0 0.07778014002623868 0.0 0.017885272840258093 0.05788068
0.0 0.0 0.0 0.0 0.0 0.0 0.10943978952786748 0.0 0.0 0.0 0.0 0.025165299196247548 0.0 0.07778014002623868 0.0 0.017885272840258093 0.05793444
0.0 0.0 0.0 0.0 0.0 0.0 0.0 0.0 0.0 0.0 0.0 0.0 0.0 0.07778014002623868 0.0 0.017885272840258093 0.05766416
0.0 0.0 0.0 0.0 0.0 0.0 0.10943978952786748 0.0 0.0 0.0 0.0 0.025165299196247548 0.0 0.07778014002623868 0.0 0.017885272840258093 0.05771665
0.0 0.0 0.0 0.0 0.0 0.0 0.05195315851182469 0.0 0.0 0.0 0.0 0.011946448213948968 0.0 0.07778014002623868 0.0 0.017885272840258093 0.05774177
0.0 0.0 0.0 0.0 0.0 0.0 0.10943978952786748 0.0 0.0 0.0 0.0 0.025165299196247548 0.0 0.07778014002623868 0.0 0.017885272840258093 0.05768590
0.0 0.0 0.0 0.0 0.0 0.0 0.10943978952786748 0.0 0.0 0.0 0.0 0.025165299196247548 0.0 0.07778014002623868 0.0 0.017885272840258093 0.05794745
0.0 0.0 0.0 0.0 0.0 0.0 0.0 0.0 0.0 0.0 0.0 0.0 0.0 0.07778014002623868 0.0 0.017885272840258093 0.05761626
0.0 0.47593582887700536 0.0 0.0 0.0 0.10943978952786748 0.10943978952786748 0.33825316709085196 0.0 0.0 0.0 0.025165299196247548 0.07778014002623868 0.07778014002623868 0.0 0.017885272840258093 0.05765261
0.0 0.22593582887700525 0.0 0.0 0.0 0.05195315851182469 0.05195315851182469 0.33825316709085196 0.0 0.0 0.0 0.011946448213948968 0.07778014002623868 0.07778014002623868 0.0 0.017885272840258093 0.05773117
0.0 0.47593582887700536 0.0 0.0 0.0 0.10943978952786748 0.10943978952786748 0.33825316709085196 0.0 0.0 0.0 0.025165299196247548 0.07778014002623868 0.07778014002623868 0.0 0.017885272840258093 0.05783152
0.0 0.47593582887700536 0.0 0.0 0.0 0.10943978952786748 0.10943978952786748 0.33825316709085196 0.0 0.0 0.0 0.025165299196247548 0.07778014002623868 0.07778014002623868 0.0 0.017885272840258093 0.05782562
0.0 0.0 0.0 0.0 0.0 0.0 0.0 0.33825316709085196 0.0 0.0 0.0 0.0 0.07778014002623868 0.07778014002623868 0.0 0.017885272840258093 0.05790604
