 Recency Frequency Monetary Time Recency_Frequency Recency_Monetary Recency_Time Frequency_Monetary Frequency_Time Monetary_Time Recency_Frequency_Monetary Recency_Frequency_Time Recency_Monetary_Time Frequency_Monetary_Time Recency_Frequency_Monetary_Time Runtime
0.0 0.0 0.0 0.0 0.0 0.0 0.0 0.0 0.0625 0.0 0.0 0.025000000000000022 0.0 0.0 0.03749999999999998 0.01749999999999996 0.04571437
0.0 0.0 0.0 0.0 0.0 0.0 0.0 0.0 0.0 0.0 0.0 0.012499999999999956 0.0 0.0 0.03749999999999998 0.01749999999999996 0.04480381
0.0 0.0 0.0 0.0 0.0 0.0 0.0 0.0 0.0625 0.0 0.0 0.025000000000000022 0.0 0.0 0.03749999999999998 0.01749999999999996 0.04478488
0.0 0.0 0.0 0.0 0.0 0.0 0.0 0.0 0.0625 0.0 0.0 0.025000000000000022 0.0 0.0 0.03749999999999998 0.01749999999999996 0.04480217
0.0 0.0 0.0 0.0 0.0 0.0 0.0 0.0 0.0 0.0 0.0 0.0 0.0 0.0 0.03749999999999998 0.01749999999999996 0.04492946
0.0 0.0 0.0 0.0 0.0 0.0 0.0 0.0 0.0625 0.0 0.0 0.025000000000000022 0.0 0.0 0.03749999999999998 0.01749999999999996 0.04488992
0.0 0.0 0.0 0.0 0.0 0.0 0.0 0.0 0.0 0.0 0.0 0.012499999999999956 0.0 0.0 0.03749999999999998 0.01749999999999996 0.04507150
0.0 0.0 0.0 0.0 0.0 0.0 0.0 0.0 0.0625 0.0 0.0 0.025000000000000022 0.0 0.0 0.03749999999999998 0.01749999999999996 0.04505904
0.0 0.0 0.0 0.0 0.0 0.0 0.0 0.0 0.0625 0.0 0.0 0.025000000000000022 0.0 0.0 0.03749999999999998 0.01749999999999996 0.04485830
0.0 0.0 0.0 0.0 0.0 0.0 0.0 0.0 0.0 0.0 0.0 0.0 0.0 0.0 0.03749999999999998 0.01749999999999996 0.04475438
0.0 0.0 0.0 0.0 0.0 0.0 0.0 0.0 0.0625 0.0 0.0 0.025000000000000022 0.0 0.0 0.03749999999999998 0.01749999999999996 0.04511828
0.0 0.0 0.0 0.0 0.0 0.0 0.0 0.0 0.0 0.0 0.0 0.012499999999999956 0.0 0.0 0.03749999999999998 0.01749999999999996 0.04488928
0.0 0.0 0.0 0.0 0.0 0.0 0.0 0.0 0.0625 0.0 0.0 0.025000000000000022 0.0 0.0 0.03749999999999998 0.01749999999999996 0.04514450
0.0 0.0 0.0 0.0 0.0 0.0 0.0 0.0 0.0625 0.0 0.0 0.025000000000000022 0.0 0.0 0.03749999999999998 0.01749999999999996 0.04471508
0.0 0.0 0.0 0.0 0.0 0.0 0.0 0.0 0.0 0.0 0.0 0.0 0.0 0.0 0.03749999999999998 0.01749999999999996 0.04482370
0.0 0.0 0.25 0.0 0.0 0.09999999999999998 0.0 0.0 0.0625 0.15000000000000002 0.0 0.025000000000000022 0.06999999999999995 0.0 0.03749999999999998 0.01749999999999996 0.04513374
0.0 0.0 0.0 0.0 0.0 0.050000000000000044 0.0 0.0 0.0 0.15000000000000002 0.0 0.012499999999999956 0.06999999999999995 0.0 0.03749999999999998 0.01749999999999996 0.04492676
0.0 0.0 0.25 0.0 0.0 0.09999999999999998 0.0 0.0 0.0625 0.15000000000000002 0.0 0.025000000000000022 0.06999999999999995 0.0 0.03749999999999998 0.01749999999999996 0.04504606
0.0 0.0 0.25 0.0 0.0 0.09999999999999998 0.0 0.0 0.0625 0.15000000000000002 0.0 0.025000000000000022 0.06999999999999995 0.0 0.03749999999999998 0.01749999999999996 0.04493298
0.0 0.0 0.0 0.0 0.0 0.0 0.0 0.0 0.0 0.15000000000000002 0.0 0.0 0.06999999999999995 0.0 0.03749999999999998 0.01749999999999996 0.04485845
0.0 0.0 0.0 0.0 0.0 0.0 0.0 0.0 0.0625 0.0 0.0 0.025000000000000022 0.0 0.0 0.03749999999999998 0.01749999999999996 0.04487908
0.0 0.0 0.0 0.0 0.0 0.0 0.0 0.0 0.0 0.0 0.0 0.012499999999999956 0.0 0.0 0.03749999999999998 0.01749999999999996 0.04488620
0.0 0.0 0.0 0.0 0.0 0.0 0.0 0.0 0.0625 0.0 0.0 0.025000000000000022 0.0 0.0 0.03749999999999998 0.01749999999999996 0.04519617
0.0 0.0 0.0 0.0 0.0 0.0 0.0 0.0 0.0625 0.0 0.0 0.025000000000000022 0.0 0.0 0.03749999999999998 0.01749999999999996 0.04500470
0.0 0.0 0.0 0.0 0.0 0.0 0.0 0.0 0.0 0.0 0.0 0.0 0.0 0.0 0.03749999999999998 0.01749999999999996 0.04523706
0.0 0.0 0.0 0.0 0.0 0.0 0.0 0.0 0.0625 0.0 0.0 0.025000000000000022 0.0 0.0 0.03749999999999998 0.01749999999999996 0.04505291
0.0 0.0 0.0 0.0 0.0 0.0 0.0 0.0 0.0 0.0 0.0 0.012499999999999956 0.0 0.0 0.03749999999999998 0.01749999999999996 0.04498997
0.0 0.0 0.0 0.0 0.0 0.0 0.0 0.0 0.0625 0.0 0.0 0.025000000000000022 0.0 0.0 0.03749999999999998 0.01749999999999996 0.04517130
0.0 0.0 0.0 0.0 0.0 0.0 0.0 0.0 0.0625 0.0 0.0 0.025000000000000022 0.0 0.0 0.03749999999999998 0.01749999999999996 0.04495381
0.0 0.0 0.0 0.0 0.0 0.0 0.0 0.0 0.0 0.0 0.0 0.0 0.0 0.0 0.03749999999999998 0.01749999999999996 0.04509667
0.0 0.0 0.0 0.0 0.0 0.0 0.0 0.0 0.0625 0.0 0.0 0.025000000000000022 0.0 0.0 0.03749999999999998 0.01749999999999996 0.04520465
0.0 0.0 0.0 0.0 0.0 0.0 0.0 0.0 0.0 0.0 0.0 0.012499999999999956 0.0 0.0 0.03749999999999998 0.01749999999999996 0.04503316
0.0 0.0 0.0 0.0 0.0 0.0 0.0 0.0 0.0625 0.0 0.0 0.025000000000000022 0.0 0.0 0.03749999999999998 0.01749999999999996 0.04494128
0.0 0.0 0.0 0.0 0.0 0.0 0.0 0.0 0.0625 0.0 0.0 0.025000000000000022 0.0 0.0 0.03749999999999998 0.01749999999999996 0.04511285
0.0 0.0 0.0 0.0 0.0 0.0 0.0 0.0 0.0 0.0 0.0 0.0 0.0 0.0 0.03749999999999998 0.01749999999999996 0.04535385
0.0 0.0 0.25 0.0 0.0 0.09999999999999998 0.0 0.0 0.0625 0.15000000000000002 0.0 0.025000000000000022 0.06999999999999995 0.0 0.03749999999999998 0.01749999999999996 0.04524673
0.0 0.0 0.0 0.0 0.0 0.050000000000000044 0.0 0.0 0.0 0.15000000000000002 0.0 0.012499999999999956 0.06999999999999995 0.0 0.03749999999999998 0.01749999999999996 0.04515884
0.0 0.0 0.25 0.0 0.0 0.09999999999999998 0.0 0.0 0.0625 0.15000000000000002 0.0 0.025000000000000022 0.06999999999999995 0.0 0.03749999999999998 0.01749999999999996 0.04533599
0.0 0.0 0.25 0.0 0.0 0.09999999999999998 0.0 0.0 0.0625 0.15000000000000002 0.0 0.025000000000000022 0.06999999999999995 0.0 0.03749999999999998 0.01749999999999996 0.04505390
0.0 0.0 0.0 0.0 0.0 0.0 0.0 0.0 0.0 0.15000000000000002 0.0 0.0 0.06999999999999995 0.0 0.03749999999999998 0.01749999999999996 0.04516067
0.0 0.0 0.0 0.0 0.0 0.0 0.0 0.0 0.0625 0.0 0.0 0.025000000000000022 0.0 0.0 0.03749999999999998 0.01749999999999996 0.04521681
0.0 0.0 0.0 0.0 0.0 0.0 0.0 0.0 0.0 0.0 0.0 0.012499999999999956 0.0 0.0 0.03749999999999998 0.01749999999999996 0.04493463
0.0 0.0 0.0 0.0 0.0 0.0 0.0 0.0 0.0625 0.0 0.0 0.025000000000000022 0.0 0.0 0.03749999999999998 0.01749999999999996 0.04518015
0.0 0.0 0.0 0.0 0.0 0.0 0.0 0.0 0.0625 0.0 0.0 0.025000000000000022 0.0 0.0 0.03749999999999998 0.01749999999999996 0.04500946
0.0 0.0 0.0 0.0 0.0 0.0 0.0 0.0 0.0 0.0 0.0 0.0 0.0 0.0 0.03749999999999998 0.01749999999999996 0.04518598
0.0 0.0 0.0 0.0 0.0 0.0 0.0 0.0 0.0625 0.0 0.0 0.025000000000000022 0.0 0.0 0.03749999999999998 0.01749999999999996 0.04563014
0.0 0.0 0.0 0.0 0.0 0.0 0.0 0.0 0.0 0.0 0.0 0.012499999999999956 0.0 0.0 0.03749999999999998 0.01749999999999996 0.04538046
0.0 0.0 0.0 0.0 0.0 0.0 0.0 0.0 0.0625 0.0 0.0 0.025000000000000022 0.0 0.0 0.03749999999999998 0.01749999999999996 0.04535468
0.0 0.0 0.0 0.0 0.0 0.0 0.0 0.0 0.0625 0.0 0.0 0.025000000000000022 0.0 0.0 0.03749999999999998 0.01749999999999996 0.04539543
0.0 0.0 0.0 0.0 0.0 0.0 0.0 0.0 0.0 0.0 0.0 0.0 0.0 0.0 0.03749999999999998 0.01749999999999996 0.04521365
0.0 0.0 0.0 0.0 0.0 0.0 0.0 0.0 0.0625 0.0 0.0 0.025000000000000022 0.0 0.0 0.03749999999999998 0.01749999999999996 0.04558605
0.0 0.0 0.0 0.0 0.0 0.0 0.0 0.0 0.0 0.0 0.0 0.012499999999999956 0.0 0.0 0.03749999999999998 0.01749999999999996 0.04517015
0.0 0.0 0.0 0.0 0.0 0.0 0.0 0.0 0.0625 0.0 0.0 0.025000000000000022 0.0 0.0 0.03749999999999998 0.01749999999999996 0.04521758
0.0 0.0 0.0 0.0 0.0 0.0 0.0 0.0 0.0625 0.0 0.0 0.025000000000000022 0.0 0.0 0.03749999999999998 0.01749999999999996 0.04521599
0.0 0.0 0.0 0.0 0.0 0.0 0.0 0.0 0.0 0.0 0.0 0.0 0.0 0.0 0.03749999999999998 0.01749999999999996 0.04535429
0.0 0.0 0.25 0.0 0.0 0.09999999999999998 0.0 0.0 0.0625 0.15000000000000002 0.0 0.025000000000000022 0.06999999999999995 0.0 0.03749999999999998 0.01749999999999996 0.04560672
0.0 0.0 0.0 0.0 0.0 0.050000000000000044 0.0 0.0 0.0 0.15000000000000002 0.0 0.012499999999999956 0.06999999999999995 0.0 0.03749999999999998 0.01749999999999996 0.04542465
0.0 0.0 0.25 0.0 0.0 0.09999999999999998 0.0 0.0 0.0625 0.15000000000000002 0.0 0.025000000000000022 0.06999999999999995 0.0 0.03749999999999998 0.01749999999999996 0.04535976
0.0 0.0 0.25 0.0 0.0 0.09999999999999998 0.0 0.0 0.0625 0.15000000000000002 0.0 0.025000000000000022 0.06999999999999995 0.0 0.03749999999999998 0.01749999999999996 0.04538604
0.0 0.0 0.0 0.0 0.0 0.0 0.0 0.0 0.0 0.15000000000000002 0.0 0.0 0.06999999999999995 0.0 0.03749999999999998 0.01749999999999996 0.04534937
0.0 0.0 0.0 0.25 0.0 0.0 0.09999999999999998 0.0 0.0625 0.0 0.15000000000000002 0.025000000000000022 0.0 0.06999999999999995 0.03749999999999998 0.01749999999999996 0.04535069
0.0 0.0 0.0 0.0 0.0 0.0 0.050000000000000044 0.0 0.0 0.0 0.15000000000000002 0.012499999999999956 0.0 0.06999999999999995 0.03749999999999998 0.01749999999999996 0.04509870
0.0 0.0 0.0 0.25 0.0 0.0 0.09999999999999998 0.0 0.0625 0.0 0.15000000000000002 0.025000000000000022 0.0 0.06999999999999995 0.03749999999999998 0.01749999999999996 0.04524205
0.0 0.0 0.0 0.25 0.0 0.0 0.09999999999999998 0.0 0.0625 0.0 0.15000000000000002 0.025000000000000022 0.0 0.06999999999999995 0.03749999999999998 0.01749999999999996 0.04524691
0.0 0.0 0.0 0.0 0.0 0.0 0.0 0.0 0.0 0.0 0.15000000000000002 0.0 0.0 0.06999999999999995 0.03749999999999998 0.01749999999999996 0.04534260
0.0 0.0 0.0 0.25 0.0 0.0 0.09999999999999998 0.0 0.0625 0.0 0.15000000000000002 0.025000000000000022 0.0 0.06999999999999995 0.03749999999999998 0.01749999999999996 0.04524835
0.0 0.0 0.0 0.0 0.0 0.0 0.050000000000000044 0.0 0.0 0.0 0.15000000000000002 0.012499999999999956 0.0 0.06999999999999995 0.03749999999999998 0.01749999999999996 0.04525304
0.0 0.0 0.0 0.25 0.0 0.0 0.09999999999999998 0.0 0.0625 0.0 0.15000000000000002 0.025000000000000022 0.0 0.06999999999999995 0.03749999999999998 0.01749999999999996 0.04533070
0.0 0.0 0.0 0.25 0.0 0.0 0.09999999999999998 0.0 0.0625 0.0 0.15000000000000002 0.025000000000000022 0.0 0.06999999999999995 0.03749999999999998 0.01749999999999996 0.04531089
0.0 0.0 0.0 0.0 0.0 0.0 0.0 0.0 0.0 0.0 0.15000000000000002 0.0 0.0 0.06999999999999995 0.03749999999999998 0.01749999999999996 0.04517968
0.0 0.0 0.0 0.25 0.0 0.0 0.09999999999999998 0.0 0.0625 0.0 0.15000000000000002 0.025000000000000022 0.0 0.06999999999999995 0.03749999999999998 0.01749999999999996 0.04511459
0.0 0.0 0.0 0.0 0.0 0.0 0.050000000000000044 0.0 0.0 0.0 0.15000000000000002 0.012499999999999956 0.0 0.06999999999999995 0.03749999999999998 0.01749999999999996 0.04505287
0.0 0.0 0.0 0.25 0.0 0.0 0.09999999999999998 0.0 0.0625 0.0 0.15000000000000002 0.025000000000000022 0.0 0.06999999999999995 0.03749999999999998 0.01749999999999996 0.04515127
0.0 0.0 0.0 0.25 0.0 0.0 0.09999999999999998 0.0 0.0625 0.0 0.15000000000000002 0.025000000000000022 0.0 0.06999999999999995 0.03749999999999998 0.01749999999999996 0.04502790
0.0 0.0 0.0 0.0 0.0 0.0 0.0 0.0 0.0 0.0 0.15000000000000002 0.0 0.0 0.06999999999999995 0.03749999999999998 0.01749999999999996 0.04479187
0.0 0.19999999999999996 0.0 0.0 0.6 0.050000000000000044 0.050000000000000044 0.28 0.0 0.15000000000000002 0.15000000000000002 0.012499999999999956 0.06999999999999995 0.06999999999999995 0.03749999999999998 0.01749999999999996 0.04517654
0.0 0.0 0.0 0.0 0.6 0.0 0.0 0.28 0.0 0.15000000000000002 0.15000000000000002 0.0 0.06999999999999995 0.06999999999999995 0.03749999999999998 0.01749999999999996 0.04510035
0.0 0.0 0.0 0.0 0.0 0.0 0.0 0.0 0.0625 0.0 0.0 0.025000000000000022 0.0 0.0 0.050000000000000044 0.01749999999999996 0.04506675
0.0 0.0 0.0 0.0 0.0 0.0 0.0 0.0 0.0625 0.0 0.0 0.012499999999999956 0.0 0.0 0.050000000000000044 0.01749999999999996 0.04532934
0.0 0.0 0.0 0.0 0.0 0.0 0.0 0.0 0.0625 0.0 0.0 0.025000000000000022 0.0 0.0 0.050000000000000044 0.01749999999999996 0.04501422
0.0 0.0 0.0 0.0 0.0 0.0 0.0 0.0 0.0625 0.0 0.0 0.025000000000000022 0.0 0.0 0.050000000000000044 0.01749999999999996 0.04534067
0.0 0.0 0.0 0.0 0.0 0.0 0.0 0.0 0.0 0.0 0.0 0.0 0.0 0.0 0.050000000000000044 0.01749999999999996 0.04504166
0.0 0.0 0.0 0.0 0.0 0.0 0.0 0.0 0.0625 0.0 0.0 0.025000000000000022 0.0 0.0 0.050000000000000044 0.01749999999999996 0.04506264
0.0 0.0 0.0 0.0 0.0 0.0 0.0 0.0 0.0625 0.0 0.0 0.012499999999999956 0.0 0.0 0.050000000000000044 0.01749999999999996 0.04530724
0.0 0.0 0.0 0.0 0.0 0.0 0.0 0.0 0.0625 0.0 0.0 0.025000000000000022 0.0 0.0 0.050000000000000044 0.01749999999999996 0.04511580
0.0 0.0 0.0 0.0 0.0 0.0 0.0 0.0 0.0625 0.0 0.0 0.025000000000000022 0.0 0.0 0.050000000000000044 0.01749999999999996 0.04548258
0.0 0.0 0.0 0.0 0.0 0.0 0.0 0.0 0.0 0.0 0.0 0.0 0.0 0.0 0.050000000000000044 0.01749999999999996 0.04500170
0.0 0.0 0.0 0.0 0.0 0.0 0.0 0.0 0.0625 0.0 0.0 0.025000000000000022 0.0 0.0 0.050000000000000044 0.01749999999999996 0.04514187
0.0 0.0 0.0 0.0 0.0 0.0 0.0 0.0 0.0625 0.0 0.0 0.012499999999999956 0.0 0.0 0.050000000000000044 0.01749999999999996 0.04531028
0.0 0.0 0.0 0.0 0.0 0.0 0.0 0.0 0.0625 0.0 0.0 0.025000000000000022 0.0 0.0 0.050000000000000044 0.01749999999999996 0.04527869
0.0 0.0 0.0 0.0 0.0 0.0 0.0 0.0 0.0625 0.0 0.0 0.025000000000000022 0.0 0.0 0.050000000000000044 0.01749999999999996 0.04529454
0.0 0.0 0.0 0.0 0.0 0.0 0.0 0.0 0.0 0.0 0.0 0.0 0.0 0.0 0.050000000000000044 0.01749999999999996 0.04510858
0.0 0.0 0.25 0.0 0.0 0.09999999999999998 0.0 0.0 0.0625 0.19999999999999996 0.0 0.025000000000000022 0.06999999999999995 0.0 0.050000000000000044 0.01749999999999996 0.04515787
0.0 0.0 0.25 0.0 0.0 0.050000000000000044 0.0 0.0 0.0625 0.19999999999999996 0.0 0.012499999999999956 0.06999999999999995 0.0 0.050000000000000044 0.01749999999999996 0.04530376
0.0 0.0 0.25 0.0 0.0 0.09999999999999998 0.0 0.0 0.0625 0.19999999999999996 0.0 0.025000000000000022 0.06999999999999995 0.0 0.050000000000000044 0.01749999999999996 0.04547499
0.0 0.0 0.25 0.0 0.0 0.09999999999999998 0.0 0.0 0.0625 0.19999999999999996 0.0 0.025000000000000022 0.06999999999999995 0.0 0.050000000000000044 0.01749999999999996 0.04514015
0.0 0.0 0.0 0.0 0.0 0.0 0.0 0.0 0.0 0.19999999999999996 0.0 0.0 0.06999999999999995 0.0 0.050000000000000044 0.01749999999999996 0.04546066
0.0 0.0 0.0 0.0 0.0 0.0 0.0 0.0 0.0625 0.0 0.0 0.025000000000000022 0.0 0.0 0.050000000000000044 0.01749999999999996 0.04512379
0.0 0.0 0.0 0.0 0.0 0.0 0.0 0.0 0.0625 0.0 0.0 0.012499999999999956 0.0 0.0 0.050000000000000044 0.01749999999999996 0.04521792
0.0 0.0 0.0 0.0 0.0 0.0 0.0 0.0 0.0625 0.0 0.0 0.025000000000000022 0.0 0.0 0.050000000000000044 0.01749999999999996 0.04534844
0.0 0.0 0.0 0.0 0.0 0.0 0.0 0.0 0.0625 0.0 0.0 0.025000000000000022 0.0 0.0 0.050000000000000044 0.01749999999999996 0.04530359
0.0 0.0 0.0 0.0 0.0 0.0 0.0 0.0 0.0 0.0 0.0 0.0 0.0 0.0 0.050000000000000044 0.01749999999999996 0.04535976
0.0 0.0 0.0 0.0 0.0 0.0 0.0 0.0 0.0625 0.0 0.0 0.025000000000000022 0.0 0.0 0.050000000000000044 0.01749999999999996 0.04523476
0.0 0.0 0.0 0.0 0.0 0.0 0.0 0.0 0.0625 0.0 0.0 0.012499999999999956 0.0 0.0 0.050000000000000044 0.01749999999999996 0.04543935
0.0 0.0 0.0 0.0 0.0 0.0 0.0 0.0 0.0625 0.0 0.0 0.025000000000000022 0.0 0.0 0.050000000000000044 0.01749999999999996 0.04521032
0.0 0.0 0.0 0.0 0.0 0.0 0.0 0.0 0.0625 0.0 0.0 0.025000000000000022 0.0 0.0 0.050000000000000044 0.01749999999999996 0.04560626
0.0 0.0 0.0 0.0 0.0 0.0 0.0 0.0 0.0 0.0 0.0 0.0 0.0 0.0 0.050000000000000044 0.01749999999999996 0.04541829
0.0 0.0 0.0 0.0 0.0 0.0 0.0 0.0 0.0625 0.0 0.0 0.025000000000000022 0.0 0.0 0.050000000000000044 0.01749999999999996 0.04522336
0.0 0.0 0.0 0.0 0.0 0.0 0.0 0.0 0.0625 0.0 0.0 0.012499999999999956 0.0 0.0 0.050000000000000044 0.01749999999999996 0.04534185
0.0 0.0 0.0 0.0 0.0 0.0 0.0 0.0 0.0625 0.0 0.0 0.025000000000000022 0.0 0.0 0.050000000000000044 0.01749999999999996 0.04541378
0.0 0.0 0.0 0.0 0.0 0.0 0.0 0.0 0.0625 0.0 0.0 0.025000000000000022 0.0 0.0 0.050000000000000044 0.01749999999999996 0.04519718
0.0 0.0 0.0 0.0 0.0 0.0 0.0 0.0 0.0 0.0 0.0 0.0 0.0 0.0 0.050000000000000044 0.01749999999999996 0.04528304
0.0 0.0 0.25 0.0 0.0 0.09999999999999998 0.0 0.0 0.0625 0.19999999999999996 0.0 0.025000000000000022 0.06999999999999995 0.0 0.050000000000000044 0.01749999999999996 0.04517908
0.0 0.0 0.25 0.0 0.0 0.050000000000000044 0.0 0.0 0.0625 0.19999999999999996 0.0 0.012499999999999956 0.06999999999999995 0.0 0.050000000000000044 0.01749999999999996 0.04522595
0.0 0.0 0.25 0.0 0.0 0.09999999999999998 0.0 0.0 0.0625 0.19999999999999996 0.0 0.025000000000000022 0.06999999999999995 0.0 0.050000000000000044 0.01749999999999996 0.04533582
0.0 0.0 0.25 0.0 0.0 0.09999999999999998 0.0 0.0 0.0625 0.19999999999999996 0.0 0.025000000000000022 0.06999999999999995 0.0 0.050000000000000044 0.01749999999999996 0.04522736
0.0 0.0 0.0 0.0 0.0 0.0 0.0 0.0 0.0 0.19999999999999996 0.0 0.0 0.06999999999999995 0.0 0.050000000000000044 0.01749999999999996 0.04524867
0.0 0.0 0.0 0.0 0.0 0.0 0.0 0.0 0.0625 0.0 0.0 0.025000000000000022 0.0 0.0 0.050000000000000044 0.01749999999999996 0.04510825
0.0 0.0 0.0 0.0 0.0 0.0 0.0 0.0 0.0625 0.0 0.0 0.012499999999999956 0.0 0.0 0.050000000000000044 0.01749999999999996 0.04513407
0.0 0.0 0.0 0.0 0.0 0.0 0.0 0.0 0.0625 0.0 0.0 0.025000000000000022 0.0 0.0 0.050000000000000044 0.01749999999999996 0.04547401
0.0 0.0 0.0 0.0 0.0 0.0 0.0 0.0 0.0625 0.0 0.0 0.025000000000000022 0.0 0.0 0.050000000000000044 0.01749999999999996 0.04524001
0.0 0.0 0.0 0.0 0.0 0.0 0.0 0.0 0.0 0.0 0.0 0.0 0.0 0.0 0.050000000000000044 0.01749999999999996 0.04514109
0.0 0.0 0.0 0.0 0.0 0.0 0.0 0.0 0.0625 0.0 0.0 0.025000000000000022 0.0 0.0 0.050000000000000044 0.01749999999999996 0.04523996
0.0 0.0 0.0 0.0 0.0 0.0 0.0 0.0 0.0625 0.0 0.0 0.012499999999999956 0.0 0.0 0.050000000000000044 0.01749999999999996 0.04520606
0.0 0.0 0.0 0.0 0.0 0.0 0.0 0.0 0.0625 0.0 0.0 0.025000000000000022 0.0 0.0 0.050000000000000044 0.01749999999999996 0.04565565
0.0 0.0 0.0 0.0 0.0 0.0 0.0 0.0 0.0625 0.0 0.0 0.025000000000000022 0.0 0.0 0.050000000000000044 0.01749999999999996 0.04533405
0.0 0.0 0.0 0.0 0.0 0.0 0.0 0.0 0.0 0.0 0.0 0.0 0.0 0.0 0.050000000000000044 0.01749999999999996 0.04544363
0.0 0.0 0.0 0.0 0.0 0.0 0.0 0.0 0.0625 0.0 0.0 0.025000000000000022 0.0 0.0 0.050000000000000044 0.01749999999999996 0.04571726
0.0 0.0 0.0 0.0 0.0 0.0 0.0 0.0 0.0625 0.0 0.0 0.012499999999999956 0.0 0.0 0.050000000000000044 0.01749999999999996 0.04541029
0.0 0.0 0.0 0.0 0.0 0.0 0.0 0.0 0.0625 0.0 0.0 0.025000000000000022 0.0 0.0 0.050000000000000044 0.01749999999999996 0.04653339
0.0 0.0 0.0 0.0 0.0 0.0 0.0 0.0 0.0625 0.0 0.0 0.025000000000000022 0.0 0.0 0.050000000000000044 0.01749999999999996 0.04596217
0.0 0.0 0.0 0.0 0.0 0.0 0.0 0.0 0.0 0.0 0.0 0.0 0.0 0.0 0.050000000000000044 0.01749999999999996 0.04567482
0.0 0.0 0.25 0.0 0.0 0.09999999999999998 0.0 0.0 0.0625 0.19999999999999996 0.0 0.025000000000000022 0.06999999999999995 0.0 0.050000000000000044 0.01749999999999996 0.04564804
0.0 0.0 0.25 0.0 0.0 0.050000000000000044 0.0 0.0 0.0625 0.19999999999999996 0.0 0.012499999999999956 0.06999999999999995 0.0 0.050000000000000044 0.01749999999999996 0.04559108
0.0 0.0 0.25 0.0 0.0 0.09999999999999998 0.0 0.0 0.0625 0.19999999999999996 0.0 0.025000000000000022 0.06999999999999995 0.0 0.050000000000000044 0.01749999999999996 0.04539043
0.0 0.0 0.25 0.0 0.0 0.09999999999999998 0.0 0.0 0.0625 0.19999999999999996 0.0 0.025000000000000022 0.06999999999999995 0.0 0.050000000000000044 0.01749999999999996 0.04561471
0.0 0.0 0.0 0.0 0.0 0.0 0.0 0.0 0.0 0.19999999999999996 0.0 0.0 0.06999999999999995 0.0 0.050000000000000044 0.01749999999999996 0.04547701
0.0 0.0 0.0 0.25 0.0 0.0 0.09999999999999998 0.0 0.0625 0.0 0.19999999999999996 0.025000000000000022 0.0 0.06999999999999995 0.050000000000000044 0.01749999999999996 0.04567951
0.0 0.0 0.0 0.25 0.0 0.0 0.050000000000000044 0.0 0.0625 0.0 0.19999999999999996 0.012499999999999956 0.0 0.06999999999999995 0.050000000000000044 0.01749999999999996 0.04569541
0.0 0.0 0.0 0.25 0.0 0.0 0.09999999999999998 0.0 0.0625 0.0 0.19999999999999996 0.025000000000000022 0.0 0.06999999999999995 0.050000000000000044 0.01749999999999996 0.04559036
0.0 0.0 0.0 0.25 0.0 0.0 0.09999999999999998 0.0 0.0625 0.0 0.19999999999999996 0.025000000000000022 0.0 0.06999999999999995 0.050000000000000044 0.01749999999999996 0.04572350
0.0 0.0 0.0 0.0 0.0 0.0 0.0 0.0 0.0 0.0 0.19999999999999996 0.0 0.0 0.06999999999999995 0.050000000000000044 0.01749999999999996 0.04541598
0.0 0.0 0.0 0.25 0.0 0.0 0.09999999999999998 0.0 0.0625 0.0 0.19999999999999996 0.025000000000000022 0.0 0.06999999999999995 0.050000000000000044 0.01749999999999996 0.04559458
0.0 0.0 0.0 0.25 0.0 0.0 0.050000000000000044 0.0 0.0625 0.0 0.19999999999999996 0.012499999999999956 0.0 0.06999999999999995 0.050000000000000044 0.01749999999999996 0.04559102
0.0 0.0 0.0 0.25 0.0 0.0 0.09999999999999998 0.0 0.0625 0.0 0.19999999999999996 0.025000000000000022 0.0 0.06999999999999995 0.050000000000000044 0.01749999999999996 0.04555066
0.0 0.0 0.0 0.25 0.0 0.0 0.09999999999999998 0.0 0.0625 0.0 0.19999999999999996 0.025000000000000022 0.0 0.06999999999999995 0.050000000000000044 0.01749999999999996 0.04564686
0.0 0.0 0.0 0.0 0.0 0.0 0.0 0.0 0.0 0.0 0.19999999999999996 0.0 0.0 0.06999999999999995 0.050000000000000044 0.01749999999999996 0.04566942
0.0 0.0 0.0 0.25 0.0 0.0 0.09999999999999998 0.0 0.0625 0.0 0.19999999999999996 0.025000000000000022 0.0 0.06999999999999995 0.050000000000000044 0.01749999999999996 0.04557432
0.0 0.0 0.0 0.25 0.0 0.0 0.050000000000000044 0.0 0.0625 0.0 0.19999999999999996 0.012499999999999956 0.0 0.06999999999999995 0.050000000000000044 0.01749999999999996 0.04563761
0.0 0.0 0.0 0.25 0.0 0.0 0.09999999999999998 0.0 0.0625 0.0 0.19999999999999996 0.025000000000000022 0.0 0.06999999999999995 0.050000000000000044 0.01749999999999996 0.04550767
0.0 0.0 0.0 0.25 0.0 0.0 0.09999999999999998 0.0 0.0625 0.0 0.19999999999999996 0.025000000000000022 0.0 0.06999999999999995 0.050000000000000044 0.01749999999999996 0.04566104
0.0 0.0 0.0 0.0 0.0 0.0 0.0 0.0 0.0 0.0 0.19999999999999996 0.0 0.0 0.06999999999999995 0.050000000000000044 0.01749999999999996 0.04548615
0.0 0.0 0.0 0.0 0.8 0.0 0.0 0.28 0.0 0.19999999999999996 0.19999999999999996 0.0 0.06999999999999995 0.06999999999999995 0.050000000000000044 0.01749999999999996 0.04556053
0.0 0.0 0.0 0.0 0.0 0.0 0.0 0.0 0.0 0.0 0.0 0.025000000000000022 0.0 0.0 0.0 0.01749999999999996 0.04560328
0.0 0.0 0.0 0.0 0.0 0.0 0.0 0.0 0.0 0.0 0.0 0.012499999999999956 0.0 0.0 0.0 0.01749999999999996 0.04558150
0.0 0.0 0.0 0.0 0.0 0.0 0.0 0.0 0.0 0.0 0.0 0.025000000000000022 0.0 0.0 0.0 0.01749999999999996 0.04548841
0.0 0.0 0.0 0.0 0.0 0.0 0.0 0.0 0.0 0.0 0.0 0.025000000000000022 0.0 0.0 0.0 0.01749999999999996 0.04540146
0.0 0.0 0.0 0.0 0.0 0.0 0.0 0.0 0.0 0.0 0.0 0.0 0.0 0.0 0.0 0.01749999999999996 0.04535920
0.0 0.0 0.0 0.0 0.0 0.0 0.0 0.0 0.0 0.0 0.0 0.025000000000000022 0.0 0.0 0.0 0.01749999999999996 0.04568386
0.0 0.0 0.0 0.0 0.0 0.0 0.0 0.0 0.0 0.0 0.0 0.012499999999999956 0.0 0.0 0.0 0.01749999999999996 0.04540561
0.0 0.0 0.0 0.0 0.0 0.0 0.0 0.0 0.0 0.0 0.0 0.025000000000000022 0.0 0.0 0.0 0.01749999999999996 0.04572005
0.0 0.0 0.0 0.0 0.0 0.0 0.0 0.0 0.0 0.0 0.0 0.025000000000000022 0.0 0.0 0.0 0.01749999999999996 0.04544440
0.0 0.0 0.0 0.0 0.0 0.0 0.0 0.0 0.0 0.0 0.0 0.0 0.0 0.0 0.0 0.01749999999999996 0.04547851
0.0 0.0 0.0 0.0 0.0 0.0 0.0 0.0 0.0 0.0 0.0 0.025000000000000022 0.0 0.0 0.0 0.01749999999999996 0.04541492
0.0 0.0 0.0 0.0 0.0 0.0 0.0 0.0 0.0 0.0 0.0 0.012499999999999956 0.0 0.0 0.0 0.01749999999999996 0.04546384
0.0 0.0 0.0 0.0 0.0 0.0 0.0 0.0 0.0 0.0 0.0 0.025000000000000022 0.0 0.0 0.0 0.01749999999999996 0.04570342
0.0 0.0 0.0 0.0 0.0 0.0 0.0 0.0 0.0 0.0 0.0 0.025000000000000022 0.0 0.0 0.0 0.01749999999999996 0.04549130
0.0 0.0 0.0 0.0 0.0 0.0 0.0 0.0 0.0 0.0 0.0 0.0 0.0 0.0 0.0 0.01749999999999996 0.04533126
0.0 0.0 0.0 0.0 0.0 0.09999999999999998 0.0 0.0 0.0 0.0 0.0 0.025000000000000022 0.06999999999999995 0.0 0.0 0.01749999999999996 0.04553713
0.0 0.0 0.0 0.0 0.0 0.050000000000000044 0.0 0.0 0.0 0.0 0.0 0.012499999999999956 0.06999999999999995 0.0 0.0 0.01749999999999996 0.04558382
0.0 0.0 0.0 0.0 0.0 0.09999999999999998 0.0 0.0 0.0 0.0 0.0 0.025000000000000022 0.06999999999999995 0.0 0.0 0.01749999999999996 0.04580637
0.0 0.0 0.0 0.0 0.0 0.09999999999999998 0.0 0.0 0.0 0.0 0.0 0.025000000000000022 0.06999999999999995 0.0 0.0 0.01749999999999996 0.04560208
0.0 0.0 0.0 0.0 0.0 0.0 0.0 0.0 0.0 0.0 0.0 0.0 0.06999999999999995 0.0 0.0 0.01749999999999996 0.04540952
0.0 0.0 0.0 0.0 0.0 0.0 0.0 0.0 0.0 0.0 0.0 0.025000000000000022 0.0 0.0 0.0 0.01749999999999996 0.04553888
0.0 0.0 0.0 0.0 0.0 0.0 0.0 0.0 0.0 0.0 0.0 0.012499999999999956 0.0 0.0 0.0 0.01749999999999996 0.04562994
0.0 0.0 0.0 0.0 0.0 0.0 0.0 0.0 0.0 0.0 0.0 0.025000000000000022 0.0 0.0 0.0 0.01749999999999996 0.04528013
0.0 0.0 0.0 0.0 0.0 0.0 0.0 0.0 0.0 0.0 0.0 0.025000000000000022 0.0 0.0 0.0 0.01749999999999996 0.04551922
0.0 0.0 0.0 0.0 0.0 0.0 0.0 0.0 0.0 0.0 0.0 0.0 0.0 0.0 0.0 0.01749999999999996 0.04543375
0.0 0.0 0.0 0.0 0.0 0.0 0.0 0.0 0.0 0.0 0.0 0.025000000000000022 0.0 0.0 0.0 0.01749999999999996 0.04552889
0.0 0.0 0.0 0.0 0.0 0.0 0.0 0.0 0.0 0.0 0.0 0.012499999999999956 0.0 0.0 0.0 0.01749999999999996 0.04525973
0.0 0.0 0.0 0.0 0.0 0.0 0.0 0.0 0.0 0.0 0.0 0.025000000000000022 0.0 0.0 0.0 0.01749999999999996 0.04533373
0.0 0.0 0.0 0.0 0.0 0.0 0.0 0.0 0.0 0.0 0.0 0.025000000000000022 0.0 0.0 0.0 0.01749999999999996 0.04537553
0.0 0.0 0.0 0.0 0.0 0.0 0.0 0.0 0.0 0.0 0.0 0.0 0.0 0.0 0.0 0.01749999999999996 0.04530610
0.0 0.0 0.0 0.0 0.0 0.0 0.0 0.0 0.0 0.0 0.0 0.025000000000000022 0.0 0.0 0.0 0.01749999999999996 0.04542924
0.0 0.0 0.0 0.0 0.0 0.0 0.0 0.0 0.0 0.0 0.0 0.012499999999999956 0.0 0.0 0.0 0.01749999999999996 0.04568759
0.0 0.0 0.0 0.0 0.0 0.0 0.0 0.0 0.0 0.0 0.0 0.025000000000000022 0.0 0.0 0.0 0.01749999999999996 0.04528153
0.0 0.0 0.0 0.0 0.0 0.0 0.0 0.0 0.0 0.0 0.0 0.025000000000000022 0.0 0.0 0.0 0.01749999999999996 0.04544511
0.0 0.0 0.0 0.0 0.0 0.0 0.0 0.0 0.0 0.0 0.0 0.0 0.0 0.0 0.0 0.01749999999999996 0.04538585
0.0 0.0 0.0 0.0 0.0 0.09999999999999998 0.0 0.0 0.0 0.0 0.0 0.025000000000000022 0.06999999999999995 0.0 0.0 0.01749999999999996 0.04526711
0.0 0.0 0.0 0.0 0.0 0.050000000000000044 0.0 0.0 0.0 0.0 0.0 0.012499999999999956 0.06999999999999995 0.0 0.0 0.01749999999999996 0.04551666
0.0 0.0 0.0 0.0 0.0 0.09999999999999998 0.0 0.0 0.0 0.0 0.0 0.025000000000000022 0.06999999999999995 0.0 0.0 0.01749999999999996 0.04554333
0.0 0.0 0.0 0.0 0.0 0.09999999999999998 0.0 0.0 0.0 0.0 0.0 0.025000000000000022 0.06999999999999995 0.0 0.0 0.01749999999999996 0.04552274
0.0 0.0 0.0 0.0 0.0 0.0 0.0 0.0 0.0 0.0 0.0 0.0 0.06999999999999995 0.0 0.0 0.01749999999999996 0.04550152
0.0 0.0 0.0 0.0 0.0 0.0 0.0 0.0 0.0 0.0 0.0 0.025000000000000022 0.0 0.0 0.0 0.01749999999999996 0.04537519
0.0 0.0 0.0 0.0 0.0 0.0 0.0 0.0 0.0 0.0 0.0 0.012499999999999956 0.0 0.0 0.0 0.01749999999999996 0.04540309
0.0 0.0 0.0 0.0 0.0 0.0 0.0 0.0 0.0 0.0 0.0 0.025000000000000022 0.0 0.0 0.0 0.01749999999999996 0.04562073
0.0 0.0 0.0 0.0 0.0 0.0 0.0 0.0 0.0 0.0 0.0 0.025000000000000022 0.0 0.0 0.0 0.01749999999999996 0.04552302
0.0 0.0 0.0 0.0 0.0 0.0 0.0 0.0 0.0 0.0 0.0 0.0 0.0 0.0 0.0 0.01749999999999996 0.04549488
0.0 0.0 0.0 0.0 0.0 0.0 0.0 0.0 0.0 0.0 0.0 0.025000000000000022 0.0 0.0 0.0 0.01749999999999996 0.04531147
0.0 0.0 0.0 0.0 0.0 0.0 0.0 0.0 0.0 0.0 0.0 0.012499999999999956 0.0 0.0 0.0 0.01749999999999996 0.04550435
0.0 0.0 0.0 0.0 0.0 0.0 0.0 0.0 0.0 0.0 0.0 0.025000000000000022 0.0 0.0 0.0 0.01749999999999996 0.04546597
0.0 0.0 0.0 0.0 0.0 0.0 0.0 0.0 0.0 0.0 0.0 0.025000000000000022 0.0 0.0 0.0 0.01749999999999996 0.04541163
0.0 0.0 0.0 0.0 0.0 0.0 0.0 0.0 0.0 0.0 0.0 0.0 0.0 0.0 0.0 0.01749999999999996 0.04537901
0.0 0.0 0.0 0.0 0.0 0.0 0.0 0.0 0.0 0.0 0.0 0.025000000000000022 0.0 0.0 0.0 0.01749999999999996 0.04528676
0.0 0.0 0.0 0.0 0.0 0.0 0.0 0.0 0.0 0.0 0.0 0.012499999999999956 0.0 0.0 0.0 0.01749999999999996 0.04520261
0.0 0.0 0.0 0.0 0.0 0.0 0.0 0.0 0.0 0.0 0.0 0.025000000000000022 0.0 0.0 0.0 0.01749999999999996 0.04563990
0.0 0.0 0.0 0.0 0.0 0.0 0.0 0.0 0.0 0.0 0.0 0.025000000000000022 0.0 0.0 0.0 0.01749999999999996 0.04537357
0.0 0.0 0.0 0.0 0.0 0.0 0.0 0.0 0.0 0.0 0.0 0.0 0.0 0.0 0.0 0.01749999999999996 0.04546583
0.0 0.0 0.0 0.0 0.0 0.09999999999999998 0.0 0.0 0.0 0.0 0.0 0.025000000000000022 0.06999999999999995 0.0 0.0 0.01749999999999996 0.04541381
0.0 0.0 0.0 0.0 0.0 0.050000000000000044 0.0 0.0 0.0 0.0 0.0 0.012499999999999956 0.06999999999999995 0.0 0.0 0.01749999999999996 0.04540988
0.0 0.0 0.0 0.0 0.0 0.09999999999999998 0.0 0.0 0.0 0.0 0.0 0.025000000000000022 0.06999999999999995 0.0 0.0 0.01749999999999996 0.04551092
0.0 0.0 0.0 0.0 0.0 0.09999999999999998 0.0 0.0 0.0 0.0 0.0 0.025000000000000022 0.06999999999999995 0.0 0.0 0.01749999999999996 0.04564665
0.0 0.0 0.0 0.0 0.0 0.0 0.0 0.0 0.0 0.0 0.0 0.0 0.06999999999999995 0.0 0.0 0.01749999999999996 0.04545752
0.0 0.0 0.0 0.0 0.0 0.0 0.09999999999999998 0.0 0.0 0.0 0.0 0.025000000000000022 0.0 0.06999999999999995 0.0 0.01749999999999996 0.04555004
0.0 0.0 0.0 0.0 0.0 0.0 0.050000000000000044 0.0 0.0 0.0 0.0 0.012499999999999956 0.0 0.06999999999999995 0.0 0.01749999999999996 0.04549643
0.0 0.0 0.0 0.0 0.0 0.0 0.09999999999999998 0.0 0.0 0.0 0.0 0.025000000000000022 0.0 0.06999999999999995 0.0 0.01749999999999996 0.04556357
0.0 0.0 0.0 0.0 0.0 0.0 0.09999999999999998 0.0 0.0 0.0 0.0 0.025000000000000022 0.0 0.06999999999999995 0.0 0.01749999999999996 0.04557661
0.0 0.0 0.0 0.0 0.0 0.0 0.0 0.0 0.0 0.0 0.0 0.0 0.0 0.06999999999999995 0.0 0.01749999999999996 0.04548693
0.0 0.0 0.0 0.0 0.0 0.0 0.09999999999999998 0.0 0.0 0.0 0.0 0.025000000000000022 0.0 0.06999999999999995 0.0 0.01749999999999996 0.04554535
0.0 0.0 0.0 0.0 0.0 0.0 0.050000000000000044 0.0 0.0 0.0 0.0 0.012499999999999956 0.0 0.06999999999999995 0.0 0.01749999999999996 0.04539218
0.0 0.0 0.0 0.0 0.0 0.0 0.09999999999999998 0.0 0.0 0.0 0.0 0.025000000000000022 0.0 0.06999999999999995 0.0 0.01749999999999996 0.04553798
0.0 0.0 0.0 0.0 0.0 0.0 0.09999999999999998 0.0 0.0 0.0 0.0 0.025000000000000022 0.0 0.06999999999999995 0.0 0.01749999999999996 0.04543645
0.0 0.0 0.0 0.0 0.0 0.0 0.0 0.0 0.0 0.0 0.0 0.0 0.0 0.06999999999999995 0.0 0.01749999999999996 0.04544762
0.0 0.0 0.0 0.0 0.0 0.0 0.09999999999999998 0.0 0.0 0.0 0.0 0.025000000000000022 0.0 0.06999999999999995 0.0 0.01749999999999996 0.04547962
0.0 0.0 0.0 0.0 0.0 0.0 0.050000000000000044 0.0 0.0 0.0 0.0 0.012499999999999956 0.0 0.06999999999999995 0.0 0.01749999999999996 0.04544764
0.0 0.0 0.0 0.0 0.0 0.0 0.09999999999999998 0.0 0.0 0.0 0.0 0.025000000000000022 0.0 0.06999999999999995 0.0 0.01749999999999996 0.04586366
0.0 0.0 0.0 0.0 0.0 0.0 0.09999999999999998 0.0 0.0 0.0 0.0 0.025000000000000022 0.0 0.06999999999999995 0.0 0.01749999999999996 0.04553735
0.0 0.0 0.0 0.0 0.0 0.0 0.0 0.0 0.0 0.0 0.0 0.0 0.0 0.06999999999999995 0.0 0.01749999999999996 0.04552041
0.0 0.4 0.0 0.0 0.0 0.09999999999999998 0.09999999999999998 0.28 0.0 0.0 0.0 0.025000000000000022 0.06999999999999995 0.06999999999999995 0.0 0.01749999999999996 0.04572220
0.0 0.19999999999999996 0.0 0.0 0.0 0.050000000000000044 0.050000000000000044 0.28 0.0 0.0 0.0 0.012499999999999956 0.06999999999999995 0.06999999999999995 0.0 0.01749999999999996 0.04559734
0.0 0.4 0.0 0.0 0.0 0.09999999999999998 0.09999999999999998 0.28 0.0 0.0 0.0 0.025000000000000022 0.06999999999999995 0.06999999999999995 0.0 0.01749999999999996 0.04563046
0.0 0.4 0.0 0.0 0.0 0.09999999999999998 0.09999999999999998 0.28 0.0 0.0 0.0 0.025000000000000022 0.06999999999999995 0.06999999999999995 0.0 0.01749999999999996 0.04582242
0.0 0.0 0.0 0.0 0.0 0.0 0.0 0.28 0.0 0.0 0.0 0.0 0.06999999999999995 0.06999999999999995 0.0 0.01749999999999996 0.04555503
0.0 0.0 0.0 0.0 0.0 0.0 0.0 0.0 0.0 0.0 0.0 0.025000000000000022 0.0 0.0 0.0 0.01749999999999996 0.04561094
0.0 0.0 0.0 0.0 0.0 0.0 0.0 0.0 0.0 0.0 0.0 0.012499999999999956 0.0 0.0 0.0 0.01749999999999996 0.04559066
0.0 0.0 0.0 0.0 0.0 0.0 0.0 0.0 0.0 0.0 0.0 0.025000000000000022 0.0 0.0 0.0 0.01749999999999996 0.04576413
0.0 0.0 0.0 0.0 0.0 0.0 0.0 0.0 0.0 0.0 0.0 0.025000000000000022 0.0 0.0 0.0 0.01749999999999996 0.04563854
0.0 0.0 0.0 0.0 0.0 0.0 0.0 0.0 0.0 0.0 0.0 0.0 0.0 0.0 0.0 0.01749999999999996 0.04551037
0.0 0.0 0.0 0.0 0.0 0.0 0.0 0.0 0.0 0.0 0.0 0.025000000000000022 0.0 0.0 0.0 0.01749999999999996 0.04562719
0.0 0.0 0.0 0.0 0.0 0.0 0.0 0.0 0.0 0.0 0.0 0.012499999999999956 0.0 0.0 0.0 0.01749999999999996 0.04558500
0.0 0.0 0.0 0.0 0.0 0.0 0.0 0.0 0.0 0.0 0.0 0.025000000000000022 0.0 0.0 0.0 0.01749999999999996 0.04563799
0.0 0.0 0.0 0.0 0.0 0.0 0.0 0.0 0.0 0.0 0.0 0.025000000000000022 0.0 0.0 0.0 0.01749999999999996 0.04566221
0.0 0.0 0.0 0.0 0.0 0.0 0.0 0.0 0.0 0.0 0.0 0.0 0.0 0.0 0.0 0.01749999999999996 0.04569054
0.0 0.0 0.0 0.0 0.0 0.0 0.0 0.0 0.0 0.0 0.0 0.025000000000000022 0.0 0.0 0.0 0.01749999999999996 0.04574810
0.0 0.0 0.0 0.0 0.0 0.0 0.0 0.0 0.0 0.0 0.0 0.012499999999999956 0.0 0.0 0.0 0.01749999999999996 0.04575721
0.0 0.0 0.0 0.0 0.0 0.0 0.0 0.0 0.0 0.0 0.0 0.025000000000000022 0.0 0.0 0.0 0.01749999999999996 0.04560852
0.0 0.0 0.0 0.0 0.0 0.0 0.0 0.0 0.0 0.0 0.0 0.025000000000000022 0.0 0.0 0.0 0.01749999999999996 0.04557968
0.0 0.0 0.0 0.0 0.0 0.0 0.0 0.0 0.0 0.0 0.0 0.0 0.0 0.0 0.0 0.01749999999999996 0.04549706
0.0 0.0 0.0 0.0 0.0 0.09999999999999998 0.0 0.0 0.0 0.0 0.0 0.025000000000000022 0.06999999999999995 0.0 0.0 0.01749999999999996 0.04541940
0.0 0.0 0.0 0.0 0.0 0.050000000000000044 0.0 0.0 0.0 0.0 0.0 0.012499999999999956 0.06999999999999995 0.0 0.0 0.01749999999999996 0.04576046
0.0 0.0 0.0 0.0 0.0 0.09999999999999998 0.0 0.0 0.0 0.0 0.0 0.025000000000000022 0.06999999999999995 0.0 0.0 0.01749999999999996 0.04560846
0.0 0.0 0.0 0.0 0.0 0.09999999999999998 0.0 0.0 0.0 0.0 0.0 0.025000000000000022 0.06999999999999995 0.0 0.0 0.01749999999999996 0.04564874
0.0 0.0 0.0 0.0 0.0 0.0 0.0 0.0 0.0 0.0 0.0 0.0 0.06999999999999995 0.0 0.0 0.01749999999999996 0.04552369
0.0 0.0 0.0 0.0 0.0 0.0 0.0 0.0 0.0 0.0 0.0 0.025000000000000022 0.0 0.0 0.0 0.01749999999999996 0.04540555
0.0 0.0 0.0 0.0 0.0 0.0 0.0 0.0 0.0 0.0 0.0 0.012499999999999956 0.0 0.0 0.0 0.01749999999999996 0.04566666
0.0 0.0 0.0 0.0 0.0 0.0 0.0 0.0 0.0 0.0 0.0 0.025000000000000022 0.0 0.0 0.0 0.01749999999999996 0.04558359
0.0 0.0 0.0 0.0 0.0 0.0 0.0 0.0 0.0 0.0 0.0 0.025000000000000022 0.0 0.0 0.0 0.01749999999999996 0.04547296
0.0 0.0 0.0 0.0 0.0 0.0 0.0 0.0 0.0 0.0 0.0 0.0 0.0 0.0 0.0 0.01749999999999996 0.04567124
0.0 0.0 0.0 0.0 0.0 0.0 0.0 0.0 0.0 0.0 0.0 0.025000000000000022 0.0 0.0 0.0 0.01749999999999996 0.04551092
0.0 0.0 0.0 0.0 0.0 0.0 0.0 0.0 0.0 0.0 0.0 0.012499999999999956 0.0 0.0 0.0 0.01749999999999996 0.04560687
0.0 0.0 0.0 0.0 0.0 0.0 0.0 0.0 0.0 0.0 0.0 0.025000000000000022 0.0 0.0 0.0 0.01749999999999996 0.04546104
0.0 0.0 0.0 0.0 0.0 0.0 0.0 0.0 0.0 0.0 0.0 0.025000000000000022 0.0 0.0 0.0 0.01749999999999996 0.04546091
0.0 0.0 0.0 0.0 0.0 0.0 0.0 0.0 0.0 0.0 0.0 0.0 0.0 0.0 0.0 0.01749999999999996 0.04581340
0.0 0.0 0.0 0.0 0.0 0.0 0.0 0.0 0.0 0.0 0.0 0.025000000000000022 0.0 0.0 0.0 0.01749999999999996 0.04533922
0.0 0.0 0.0 0.0 0.0 0.0 0.0 0.0 0.0 0.0 0.0 0.012499999999999956 0.0 0.0 0.0 0.01749999999999996 0.04564047
0.0 0.0 0.0 0.0 0.0 0.0 0.0 0.0 0.0 0.0 0.0 0.025000000000000022 0.0 0.0 0.0 0.01749999999999996 0.04554494
0.0 0.0 0.0 0.0 0.0 0.0 0.0 0.0 0.0 0.0 0.0 0.025000000000000022 0.0 0.0 0.0 0.01749999999999996 0.04553087
0.0 0.0 0.0 0.0 0.0 0.0 0.0 0.0 0.0 0.0 0.0 0.0 0.0 0.0 0.0 0.01749999999999996 0.04557867
0.0 0.0 0.0 0.0 0.0 0.09999999999999998 0.0 0.0 0.0 0.0 0.0 0.025000000000000022 0.06999999999999995 0.0 0.0 0.01749999999999996 0.04541557
0.0 0.0 0.0 0.0 0.0 0.050000000000000044 0.0 0.0 0.0 0.0 0.0 0.012499999999999956 0.06999999999999995 0.0 0.0 0.01749999999999996 0.04536479
0.0 0.0 0.0 0.0 0.0 0.09999999999999998 0.0 0.0 0.0 0.0 0.0 0.025000000000000022 0.06999999999999995 0.0 0.0 0.01749999999999996 0.04546933
0.0 0.0 0.0 0.0 0.0 0.09999999999999998 0.0 0.0 0.0 0.0 0.0 0.025000000000000022 0.06999999999999995 0.0 0.0 0.01749999999999996 0.04546971
0.0 0.0 0.0 0.0 0.0 0.0 0.0 0.0 0.0 0.0 0.0 0.0 0.06999999999999995 0.0 0.0 0.01749999999999996 0.04563356
0.0 0.0 0.0 0.0 0.0 0.0 0.0 0.0 0.0 0.0 0.0 0.025000000000000022 0.0 0.0 0.0 0.01749999999999996 0.04540627
0.0 0.0 0.0 0.0 0.0 0.0 0.0 0.0 0.0 0.0 0.0 0.012499999999999956 0.0 0.0 0.0 0.01749999999999996 0.04558063
0.0 0.0 0.0 0.0 0.0 0.0 0.0 0.0 0.0 0.0 0.0 0.025000000000000022 0.0 0.0 0.0 0.01749999999999996 0.04574190
0.0 0.0 0.0 0.0 0.0 0.0 0.0 0.0 0.0 0.0 0.0 0.025000000000000022 0.0 0.0 0.0 0.01749999999999996 0.04543916
0.0 0.0 0.0 0.0 0.0 0.0 0.0 0.0 0.0 0.0 0.0 0.0 0.0 0.0 0.0 0.01749999999999996 0.04565062
0.0 0.0 0.0 0.0 0.0 0.0 0.0 0.0 0.0 0.0 0.0 0.025000000000000022 0.0 0.0 0.0 0.01749999999999996 0.04555050
0.0 0.0 0.0 0.0 0.0 0.0 0.0 0.0 0.0 0.0 0.0 0.012499999999999956 0.0 0.0 0.0 0.01749999999999996 0.04548160
0.0 0.0 0.0 0.0 0.0 0.0 0.0 0.0 0.0 0.0 0.0 0.025000000000000022 0.0 0.0 0.0 0.01749999999999996 0.04582512
0.0 0.0 0.0 0.0 0.0 0.0 0.0 0.0 0.0 0.0 0.0 0.025000000000000022 0.0 0.0 0.0 0.01749999999999996 0.04540764
0.0 0.0 0.0 0.0 0.0 0.0 0.0 0.0 0.0 0.0 0.0 0.0 0.0 0.0 0.0 0.01749999999999996 0.04533882
0.0 0.0 0.0 0.0 0.0 0.0 0.0 0.0 0.0 0.0 0.0 0.025000000000000022 0.0 0.0 0.0 0.01749999999999996 0.04536862
0.0 0.0 0.0 0.0 0.0 0.0 0.0 0.0 0.0 0.0 0.0 0.012499999999999956 0.0 0.0 0.0 0.01749999999999996 0.04554191
0.0 0.0 0.0 0.0 0.0 0.0 0.0 0.0 0.0 0.0 0.0 0.025000000000000022 0.0 0.0 0.0 0.01749999999999996 0.04584852
0.0 0.0 0.0 0.0 0.0 0.0 0.0 0.0 0.0 0.0 0.0 0.025000000000000022 0.0 0.0 0.0 0.01749999999999996 0.04542788
0.0 0.0 0.0 0.0 0.0 0.0 0.0 0.0 0.0 0.0 0.0 0.0 0.0 0.0 0.0 0.01749999999999996 0.04554277
0.0 0.0 0.0 0.0 0.0 0.09999999999999998 0.0 0.0 0.0 0.0 0.0 0.025000000000000022 0.06999999999999995 0.0 0.0 0.01749999999999996 0.04556232
0.0 0.0 0.0 0.0 0.0 0.050000000000000044 0.0 0.0 0.0 0.0 0.0 0.012499999999999956 0.06999999999999995 0.0 0.0 0.01749999999999996 0.04539488
0.0 0.0 0.0 0.0 0.0 0.09999999999999998 0.0 0.0 0.0 0.0 0.0 0.025000000000000022 0.06999999999999995 0.0 0.0 0.01749999999999996 0.04558507
0.0 0.0 0.0 0.0 0.0 0.09999999999999998 0.0 0.0 0.0 0.0 0.0 0.025000000000000022 0.06999999999999995 0.0 0.0 0.01749999999999996 0.04535714
0.0 0.0 0.0 0.0 0.0 0.0 0.0 0.0 0.0 0.0 0.0 0.0 0.06999999999999995 0.0 0.0 0.01749999999999996 0.04546071
0.0 0.0 0.0 0.0 0.0 0.0 0.09999999999999998 0.0 0.0 0.0 0.0 0.025000000000000022 0.0 0.06999999999999995 0.0 0.01749999999999996 0.04553849
0.0 0.0 0.0 0.0 0.0 0.0 0.050000000000000044 0.0 0.0 0.0 0.0 0.012499999999999956 0.0 0.06999999999999995 0.0 0.01749999999999996 0.04554683
0.0 0.0 0.0 0.0 0.0 0.0 0.09999999999999998 0.0 0.0 0.0 0.0 0.025000000000000022 0.0 0.06999999999999995 0.0 0.01749999999999996 0.04552484
0.0 0.0 0.0 0.0 0.0 0.0 0.09999999999999998 0.0 0.0 0.0 0.0 0.025000000000000022 0.0 0.06999999999999995 0.0 0.01749999999999996 0.04563605
0.0 0.0 0.0 0.0 0.0 0.0 0.0 0.0 0.0 0.0 0.0 0.0 0.0 0.06999999999999995 0.0 0.01749999999999996 0.04538918
0.0 0.0 0.0 0.0 0.0 0.0 0.09999999999999998 0.0 0.0 0.0 0.0 0.025000000000000022 0.0 0.06999999999999995 0.0 0.01749999999999996 0.04562379
0.0 0.0 0.0 0.0 0.0 0.0 0.050000000000000044 0.0 0.0 0.0 0.0 0.012499999999999956 0.0 0.06999999999999995 0.0 0.01749999999999996 0.04552596
0.0 0.0 0.0 0.0 0.0 0.0 0.09999999999999998 0.0 0.0 0.0 0.0 0.025000000000000022 0.0 0.06999999999999995 0.0 0.01749999999999996 0.04561045
0.0 0.0 0.0 0.0 0.0 0.0 0.09999999999999998 0.0 0.0 0.0 0.0 0.025000000000000022 0.0 0.06999999999999995 0.0 0.01749999999999996 0.04565084
0.0 0.0 0.0 0.0 0.0 0.0 0.0 0.0 0.0 0.0 0.0 0.0 0.0 0.06999999999999995 0.0 0.01749999999999996 0.04533508
0.0 0.0 0.0 0.0 0.0 0.0 0.09999999999999998 0.0 0.0 0.0 0.0 0.025000000000000022 0.0 0.06999999999999995 0.0 0.01749999999999996 0.04562067
0.0 0.0 0.0 0.0 0.0 0.0 0.050000000000000044 0.0 0.0 0.0 0.0 0.012499999999999956 0.0 0.06999999999999995 0.0 0.01749999999999996 0.04545154
0.0 0.0 0.0 0.0 0.0 0.0 0.09999999999999998 0.0 0.0 0.0 0.0 0.025000000000000022 0.0 0.06999999999999995 0.0 0.01749999999999996 0.04542453
0.0 0.0 0.0 0.0 0.0 0.0 0.09999999999999998 0.0 0.0 0.0 0.0 0.025000000000000022 0.0 0.06999999999999995 0.0 0.01749999999999996 0.04543063
0.0 0.0 0.0 0.0 0.0 0.0 0.0 0.0 0.0 0.0 0.0 0.0 0.0 0.06999999999999995 0.0 0.01749999999999996 0.04535667
0.0 0.4 0.0 0.0 0.0 0.09999999999999998 0.09999999999999998 0.28 0.0 0.0 0.0 0.025000000000000022 0.06999999999999995 0.06999999999999995 0.0 0.01749999999999996 0.04529399
0.0 0.19999999999999996 0.0 0.0 0.0 0.050000000000000044 0.050000000000000044 0.28 0.0 0.0 0.0 0.012499999999999956 0.06999999999999995 0.06999999999999995 0.0 0.01749999999999996 0.04541508
0.0 0.4 0.0 0.0 0.0 0.09999999999999998 0.09999999999999998 0.28 0.0 0.0 0.0 0.025000000000000022 0.06999999999999995 0.06999999999999995 0.0 0.01749999999999996 0.04536160
0.0 0.4 0.0 0.0 0.0 0.09999999999999998 0.09999999999999998 0.28 0.0 0.0 0.0 0.025000000000000022 0.06999999999999995 0.06999999999999995 0.0 0.01749999999999996 0.04551773
0.0 0.0 0.0 0.0 0.0 0.0 0.0 0.28 0.0 0.0 0.0 0.0 0.06999999999999995 0.06999999999999995 0.0 0.01749999999999996 0.04527533
0.0 0.0 0.0 0.0 0.0 0.0 0.0 0.0 0.0 0.0 0.0 0.025000000000000022 0.0 0.0 0.0 0.01749999999999996 0.04544774
0.0 0.0 0.0 0.0 0.0 0.0 0.0 0.0 0.0 0.0 0.0 0.012499999999999956 0.0 0.0 0.0 0.01749999999999996 0.04557007
0.0 0.0 0.0 0.0 0.0 0.0 0.0 0.0 0.0 0.0 0.0 0.025000000000000022 0.0 0.0 0.0 0.01749999999999996 0.04533105
0.0 0.0 0.0 0.0 0.0 0.0 0.0 0.0 0.0 0.0 0.0 0.025000000000000022 0.0 0.0 0.0 0.01749999999999996 0.04537176
0.0 0.0 0.0 0.0 0.0 0.0 0.0 0.0 0.0 0.0 0.0 0.0 0.0 0.0 0.0 0.01749999999999996 0.04542744
0.0 0.0 0.0 0.0 0.0 0.0 0.0 0.0 0.0 0.0 0.0 0.025000000000000022 0.0 0.0 0.0 0.01749999999999996 0.04539023
0.0 0.0 0.0 0.0 0.0 0.0 0.0 0.0 0.0 0.0 0.0 0.012499999999999956 0.0 0.0 0.0 0.01749999999999996 0.04540876
0.0 0.0 0.0 0.0 0.0 0.0 0.0 0.0 0.0 0.0 0.0 0.025000000000000022 0.0 0.0 0.0 0.01749999999999996 0.04543821
0.0 0.0 0.0 0.0 0.0 0.0 0.0 0.0 0.0 0.0 0.0 0.025000000000000022 0.0 0.0 0.0 0.01749999999999996 0.04547236
0.0 0.0 0.0 0.0 0.0 0.0 0.0 0.0 0.0 0.0 0.0 0.0 0.0 0.0 0.0 0.01749999999999996 0.04557016
0.0 0.0 0.0 0.0 0.0 0.0 0.0 0.0 0.0 0.0 0.0 0.025000000000000022 0.0 0.0 0.0 0.01749999999999996 0.04552074
0.0 0.0 0.0 0.0 0.0 0.0 0.0 0.0 0.0 0.0 0.0 0.012499999999999956 0.0 0.0 0.0 0.01749999999999996 0.04545476
0.0 0.0 0.0 0.0 0.0 0.0 0.0 0.0 0.0 0.0 0.0 0.025000000000000022 0.0 0.0 0.0 0.01749999999999996 0.04542917
0.0 0.0 0.0 0.0 0.0 0.0 0.0 0.0 0.0 0.0 0.0 0.025000000000000022 0.0 0.0 0.0 0.01749999999999996 0.04542592
0.0 0.0 0.0 0.0 0.0 0.0 0.0 0.0 0.0 0.0 0.0 0.0 0.0 0.0 0.0 0.01749999999999996 0.04550360
0.0 0.0 0.0 0.0 0.0 0.09999999999999998 0.0 0.0 0.0 0.0 0.0 0.025000000000000022 0.06999999999999995 0.0 0.0 0.01749999999999996 0.04536642
0.0 0.0 0.0 0.0 0.0 0.050000000000000044 0.0 0.0 0.0 0.0 0.0 0.012499999999999956 0.06999999999999995 0.0 0.0 0.01749999999999996 0.04560363
0.0 0.0 0.0 0.0 0.0 0.09999999999999998 0.0 0.0 0.0 0.0 0.0 0.025000000000000022 0.06999999999999995 0.0 0.0 0.01749999999999996 0.04569123
0.0 0.0 0.0 0.0 0.0 0.09999999999999998 0.0 0.0 0.0 0.0 0.0 0.025000000000000022 0.06999999999999995 0.0 0.0 0.01749999999999996 0.04549025
0.0 0.0 0.0 0.0 0.0 0.0 0.0 0.0 0.0 0.0 0.0 0.0 0.06999999999999995 0.0 0.0 0.01749999999999996 0.04548090
0.0 0.0 0.0 0.0 0.0 0.0 0.0 0.0 0.0 0.0 0.0 0.025000000000000022 0.0 0.0 0.0 0.01749999999999996 0.04540863
0.0 0.0 0.0 0.0 0.0 0.0 0.0 0.0 0.0 0.0 0.0 0.012499999999999956 0.0 0.0 0.0 0.01749999999999996 0.04567423
0.0 0.0 0.0 0.0 0.0 0.0 0.0 0.0 0.0 0.0 0.0 0.025000000000000022 0.0 0.0 0.0 0.01749999999999996 0.04580434
0.0 0.0 0.0 0.0 0.0 0.0 0.0 0.0 0.0 0.0 0.0 0.025000000000000022 0.0 0.0 0.0 0.01749999999999996 0.04568325
0.0 0.0 0.0 0.0 0.0 0.0 0.0 0.0 0.0 0.0 0.0 0.0 0.0 0.0 0.0 0.01749999999999996 0.04559400
0.0 0.0 0.0 0.0 0.0 0.0 0.0 0.0 0.0 0.0 0.0 0.025000000000000022 0.0 0.0 0.0 0.01749999999999996 0.04553510
0.0 0.0 0.0 0.0 0.0 0.0 0.0 0.0 0.0 0.0 0.0 0.012499999999999956 0.0 0.0 0.0 0.01749999999999996 0.04560196
0.0 0.0 0.0 0.0 0.0 0.0 0.0 0.0 0.0 0.0 0.0 0.025000000000000022 0.0 0.0 0.0 0.01749999999999996 0.04579704
0.0 0.0 0.0 0.0 0.0 0.0 0.0 0.0 0.0 0.0 0.0 0.025000000000000022 0.0 0.0 0.0 0.01749999999999996 0.04558868
0.0 0.0 0.0 0.0 0.0 0.0 0.0 0.0 0.0 0.0 0.0 0.0 0.0 0.0 0.0 0.01749999999999996 0.04578038
0.0 0.0 0.0 0.0 0.0 0.0 0.0 0.0 0.0 0.0 0.0 0.025000000000000022 0.0 0.0 0.0 0.01749999999999996 0.04560134
0.0 0.0 0.0 0.0 0.0 0.0 0.0 0.0 0.0 0.0 0.0 0.012499999999999956 0.0 0.0 0.0 0.01749999999999996 0.04551832
0.0 0.0 0.0 0.0 0.0 0.0 0.0 0.0 0.0 0.0 0.0 0.025000000000000022 0.0 0.0 0.0 0.01749999999999996 0.04574496
0.0 0.0 0.0 0.0 0.0 0.0 0.0 0.0 0.0 0.0 0.0 0.025000000000000022 0.0 0.0 0.0 0.01749999999999996 0.04550285
0.0 0.0 0.0 0.0 0.0 0.0 0.0 0.0 0.0 0.0 0.0 0.0 0.0 0.0 0.0 0.01749999999999996 0.04563605
0.0 0.0 0.0 0.0 0.0 0.09999999999999998 0.0 0.0 0.0 0.0 0.0 0.025000000000000022 0.06999999999999995 0.0 0.0 0.01749999999999996 0.04563073
0.0 0.0 0.0 0.0 0.0 0.050000000000000044 0.0 0.0 0.0 0.0 0.0 0.012499999999999956 0.06999999999999995 0.0 0.0 0.01749999999999996 0.04536737
0.0 0.0 0.0 0.0 0.0 0.09999999999999998 0.0 0.0 0.0 0.0 0.0 0.025000000000000022 0.06999999999999995 0.0 0.0 0.01749999999999996 0.04549813
0.0 0.0 0.0 0.0 0.0 0.09999999999999998 0.0 0.0 0.0 0.0 0.0 0.025000000000000022 0.06999999999999995 0.0 0.0 0.01749999999999996 0.04556247
0.0 0.0 0.0 0.0 0.0 0.0 0.0 0.0 0.0 0.0 0.0 0.0 0.06999999999999995 0.0 0.0 0.01749999999999996 0.04564604
0.0 0.0 0.0 0.0 0.0 0.0 0.0 0.0 0.0 0.0 0.0 0.025000000000000022 0.0 0.0 0.0 0.01749999999999996 0.04562067
0.0 0.0 0.0 0.0 0.0 0.0 0.0 0.0 0.0 0.0 0.0 0.012499999999999956 0.0 0.0 0.0 0.01749999999999996 0.04560133
0.0 0.0 0.0 0.0 0.0 0.0 0.0 0.0 0.0 0.0 0.0 0.025000000000000022 0.0 0.0 0.0 0.01749999999999996 0.04577149
0.0 0.0 0.0 0.0 0.0 0.0 0.0 0.0 0.0 0.0 0.0 0.025000000000000022 0.0 0.0 0.0 0.01749999999999996 0.04553453
0.0 0.0 0.0 0.0 0.0 0.0 0.0 0.0 0.0 0.0 0.0 0.0 0.0 0.0 0.0 0.01749999999999996 0.04556662
0.0 0.0 0.0 0.0 0.0 0.0 0.0 0.0 0.0 0.0 0.0 0.025000000000000022 0.0 0.0 0.0 0.01749999999999996 0.04561585
0.0 0.0 0.0 0.0 0.0 0.0 0.0 0.0 0.0 0.0 0.0 0.012499999999999956 0.0 0.0 0.0 0.01749999999999996 0.04536038
0.0 0.0 0.0 0.0 0.0 0.0 0.0 0.0 0.0 0.0 0.0 0.025000000000000022 0.0 0.0 0.0 0.01749999999999996 0.04547752
0.0 0.0 0.0 0.0 0.0 0.0 0.0 0.0 0.0 0.0 0.0 0.025000000000000022 0.0 0.0 0.0 0.01749999999999996 0.04542939
0.0 0.0 0.0 0.0 0.0 0.0 0.0 0.0 0.0 0.0 0.0 0.0 0.0 0.0 0.0 0.01749999999999996 0.04545873
0.0 0.0 0.0 0.0 0.0 0.0 0.0 0.0 0.0 0.0 0.0 0.025000000000000022 0.0 0.0 0.0 0.01749999999999996 0.04544319
0.0 0.0 0.0 0.0 0.0 0.0 0.0 0.0 0.0 0.0 0.0 0.012499999999999956 0.0 0.0 0.0 0.01749999999999996 0.04556162
0.0 0.0 0.0 0.0 0.0 0.0 0.0 0.0 0.0 0.0 0.0 0.025000000000000022 0.0 0.0 0.0 0.01749999999999996 0.04542933
0.0 0.0 0.0 0.0 0.0 0.0 0.0 0.0 0.0 0.0 0.0 0.025000000000000022 0.0 0.0 0.0 0.01749999999999996 0.04554265
0.0 0.0 0.0 0.0 0.0 0.0 0.0 0.0 0.0 0.0 0.0 0.0 0.0 0.0 0.0 0.01749999999999996 0.04531143
0.0 0.0 0.0 0.0 0.0 0.09999999999999998 0.0 0.0 0.0 0.0 0.0 0.025000000000000022 0.06999999999999995 0.0 0.0 0.01749999999999996 0.04544320
0.0 0.0 0.0 0.0 0.0 0.050000000000000044 0.0 0.0 0.0 0.0 0.0 0.012499999999999956 0.06999999999999995 0.0 0.0 0.01749999999999996 0.04532507
0.0 0.0 0.0 0.0 0.0 0.09999999999999998 0.0 0.0 0.0 0.0 0.0 0.025000000000000022 0.06999999999999995 0.0 0.0 0.01749999999999996 0.04546870
0.0 0.0 0.0 0.0 0.0 0.09999999999999998 0.0 0.0 0.0 0.0 0.0 0.025000000000000022 0.06999999999999995 0.0 0.0 0.01749999999999996 0.04547352
0.0 0.0 0.0 0.0 0.0 0.0 0.0 0.0 0.0 0.0 0.0 0.0 0.06999999999999995 0.0 0.0 0.01749999999999996 0.04530352
0.0 0.0 0.0 0.0 0.0 0.0 0.09999999999999998 0.0 0.0 0.0 0.0 0.025000000000000022 0.0 0.06999999999999995 0.0 0.01749999999999996 0.04552031
0.0 0.0 0.0 0.0 0.0 0.0 0.050000000000000044 0.0 0.0 0.0 0.0 0.012499999999999956 0.0 0.06999999999999995 0.0 0.01749999999999996 0.04561779
0.0 0.0 0.0 0.0 0.0 0.0 0.09999999999999998 0.0 0.0 0.0 0.0 0.025000000000000022 0.0 0.06999999999999995 0.0 0.01749999999999996 0.04544153
0.0 0.0 0.0 0.0 0.0 0.0 0.09999999999999998 0.0 0.0 0.0 0.0 0.025000000000000022 0.0 0.06999999999999995 0.0 0.01749999999999996 0.04539849
0.0 0.0 0.0 0.0 0.0 0.0 0.0 0.0 0.0 0.0 0.0 0.0 0.0 0.06999999999999995 0.0 0.01749999999999996 0.04530354
0.0 0.0 0.0 0.0 0.0 0.0 0.09999999999999998 0.0 0.0 0.0 0.0 0.025000000000000022 0.0 0.06999999999999995 0.0 0.01749999999999996 0.04537481
0.0 0.0 0.0 0.0 0.0 0.0 0.050000000000000044 0.0 0.0 0.0 0.0 0.012499999999999956 0.0 0.06999999999999995 0.0 0.01749999999999996 0.04563350
0.0 0.0 0.0 0.0 0.0 0.0 0.09999999999999998 0.0 0.0 0.0 0.0 0.025000000000000022 0.0 0.06999999999999995 0.0 0.01749999999999996 0.04534328
0.0 0.0 0.0 0.0 0.0 0.0 0.09999999999999998 0.0 0.0 0.0 0.0 0.025000000000000022 0.0 0.06999999999999995 0.0 0.01749999999999996 0.04554885
0.0 0.0 0.0 0.0 0.0 0.0 0.0 0.0 0.0 0.0 0.0 0.0 0.0 0.06999999999999995 0.0 0.01749999999999996 0.04544567
0.0 0.0 0.0 0.0 0.0 0.0 0.09999999999999998 0.0 0.0 0.0 0.0 0.025000000000000022 0.0 0.06999999999999995 0.0 0.01749999999999996 0.04549640
0.0 0.0 0.0 0.0 0.0 0.0 0.050000000000000044 0.0 0.0 0.0 0.0 0.012499999999999956 0.0 0.06999999999999995 0.0 0.01749999999999996 0.04564043
0.0 0.0 0.0 0.0 0.0 0.0 0.09999999999999998 0.0 0.0 0.0 0.0 0.025000000000000022 0.0 0.06999999999999995 0.0 0.01749999999999996 0.04553356
0.0 0.0 0.0 0.0 0.0 0.0 0.09999999999999998 0.0 0.0 0.0 0.0 0.025000000000000022 0.0 0.06999999999999995 0.0 0.01749999999999996 0.04546636
0.0 0.0 0.0 0.0 0.0 0.0 0.0 0.0 0.0 0.0 0.0 0.0 0.0 0.06999999999999995 0.0 0.01749999999999996 0.04546231
0.0 0.4 0.0 0.0 0.0 0.09999999999999998 0.09999999999999998 0.28 0.0 0.0 0.0 0.025000000000000022 0.06999999999999995 0.06999999999999995 0.0 0.01749999999999996 0.04542775
0.0 0.19999999999999996 0.0 0.0 0.0 0.050000000000000044 0.050000000000000044 0.28 0.0 0.0 0.0 0.012499999999999956 0.06999999999999995 0.06999999999999995 0.0 0.01749999999999996 0.04541246
0.0 0.4 0.0 0.0 0.0 0.09999999999999998 0.09999999999999998 0.28 0.0 0.0 0.0 0.025000000000000022 0.06999999999999995 0.06999999999999995 0.0 0.01749999999999996 0.04559666
0.0 0.4 0.0 0.0 0.0 0.09999999999999998 0.09999999999999998 0.28 0.0 0.0 0.0 0.025000000000000022 0.06999999999999995 0.06999999999999995 0.0 0.01749999999999996 0.04539696
0.0 0.0 0.0 0.0 0.0 0.0 0.0 0.28 0.0 0.0 0.0 0.0 0.06999999999999995 0.06999999999999995 0.0 0.01749999999999996 0.04548954
