 Recency Frequency Monetary Time Recency_Frequency Recency_Monetary Recency_Time Frequency_Monetary Frequency_Time Monetary_Time Recency_Frequency_Monetary Recency_Frequency_Time Recency_Monetary_Time Frequency_Monetary_Time Recency_Frequency_Monetary_Time Runtime
0.0 0.0 0.0 0.0 0.0 0.0 0.0 0.0 0.0 0.0 0.0 0.0 0.0 0.0 0.14973262032085566 0.07352941176470584 0.06812152
0.0 0.0 0.0 0.0 0.0 0.0 0.0 0.0 0.0 0.0 0.0 0.007462686567164201 0.0 0.0 0.14973262032085566 0.07352941176470584 0.06777053
0.0 0.0 0.0 0.0 0.0 0.0 0.0 0.0 0.30000000000000004 0.0 0.0 0.1527777777777778 0.0 0.0 0.14973262032085566 0.07352941176470584 0.06767294
0.0 0.0 0.0 0.0 0.0 0.0 0.0 0.0 0.6333333333333333 0.0 0.0 0.2206896551724138 0.0 0.0 0.14973262032085566 0.07352941176470584 0.06759288
0 0.0 0 0 0.0 0.0 0.0 0.0 0.0 0.0 0.0 0.0 0.0 0.0 0.14973262032085566 0.07352941176470584 0.06766127
0 0 0.0 0.0 0 0.0 0.0 0 0.0 0.0 0.0 0.0 0.0 0.0 0.14973262032085566 0.07352941176470584 0.06703325
0 0 0.0 0.0 0 0.0 0.0 0 0.0 0.0 0.0 0.007462686567164201 0.0 0.0 0.14973262032085566 0.07352941176470584 0.06717735
0 0 0.0 0.0 0 0.0 0.0 0 0.30000000000000004 0.0 0.0 0.1527777777777778 0.0 0.0 0.14973262032085566 0.07352941176470584 0.06732863
0 0 0.0 0.0 0 0.0 0.0 0 0.6333333333333333 0.0 0.0 0.2206896551724138 0.0 0.0 0.14973262032085566 0.07352941176470584 0.06768356
0 0 0.0 0 0 0.0 0.0 0 0.0 0.0 0.0 0.0 0.0 0.0 0.14973262032085566 0.07352941176470584 0.06764933
0 0 0.0 0.0 0 0.0 0.0 0 0.0 0.0 0.0 0.0 0.0 0.0 0.14973262032085566 0.07352941176470584 0.06751626
0 0 0.0 0.0 0 0.0 0.0 0 0.0 0.0 0.0 0.007462686567164201 0.0 0.0 0.14973262032085566 0.07352941176470584 0.06755592
0 0 0.0 0.0 0 0.0 0.0 0 0.30000000000000004 0.0 0.0 0.1527777777777778 0.0 0.0 0.14973262032085566 0.07352941176470584 0.06772744
0 0 0.0 0.0 0 0.0 0.0 0 0.6333333333333333 0.0 0.0 0.2206896551724138 0.0 0.0 0.14973262032085566 0.07352941176470584 0.06745183
0 0 0.0 0 0 0.0 0.0 0 0.0 0.0 0.0 0.0 0.0 0.0 0.14973262032085566 0.07352941176470584 0.06755561
0 0 0 0.0 0 0 0.0 0 0.0 0.5283018867924528 0.0 0.0 0.31976744186046513 0.0 0.14973262032085566 0.07352941176470584 0.06735867
0 0 0.0 0.0 0 0.19999999999999996 0.0 0 0.0 0.5283018867924528 0.0 0.007462686567164201 0.31976744186046513 0.0 0.14973262032085566 0.07352941176470584 0.06757066
0 0 1.0 0.0 0 0.7857142857142857 0.0 0 0.30000000000000004 0.5283018867924528 0.0 0.1527777777777778 0.31976744186046513 0.0 0.14973262032085566 0.07352941176470584 0.06770619
0 0 1.0 0.0 0 0.5517241379310345 0.0 0 0.6333333333333333 0.5283018867924528 0.0 0.2206896551724138 0.31976744186046513 0.0 0.14973262032085566 0.07352941176470584 0.06761273
0 0 0.0 0 0 0.0 0.0 0 0.0 0.5283018867924528 0.0 0.0 0.31976744186046513 0.0 0.14973262032085566 0.07352941176470584 0.06730088
0 0 0.0 0.0 0 0.0 0.0 0 0.0 0.0 0.0 0.0 0.0 0.0 0.14973262032085566 0.07352941176470584 0.06739130
0 0 0.0 0.0 0 0.0 0.0 0 0.0 0.0 0.0 0.007462686567164201 0.0 0.0 0.14973262032085566 0.07352941176470584 0.06730027
0 0 0.0 0.0 0 0.0 0.0 0 0.30000000000000004 0.0 0.0 0.1527777777777778 0.0 0.0 0.14973262032085566 0.07352941176470584 0.06737842
0 0 0.0 0.0 0 0.0 0.0 0 0.6333333333333333 0.0 0.0 0.2206896551724138 0.0 0.0 0.14973262032085566 0.07352941176470584 0.06747365
0 0 0 0.0 0 0.0 0.0 0 0.0 0.0 0.0 0.0 0.0 0.0 0.14973262032085566 0.07352941176470584 0.06735359
0.0 0.0 0.0 0.0 0.0 0.0 0.0 0.0 0.0 0.0 0.0 0.0 0.0 0.0 0.14973262032085566 0.07352941176470584 0.06770222
0.0 0.0 0.0 0.0 0.0 0.0 0.0 0.0 0.0 0.0 0.0 0.007462686567164201 0.0 0.0 0.14973262032085566 0.07352941176470584 0.06777306
0.0 0.0 0.0 0.0 0.0 0.0 0.0 0.0 0.30000000000000004 0.0 0.0 0.1527777777777778 0.0 0.0 0.14973262032085566 0.07352941176470584 0.06807771
0.0 0.0 0.0 0.0 0.0 0.0 0.0 0.0 0.6333333333333333 0.0 0.0 0.2206896551724138 0.0 0.0 0.14973262032085566 0.07352941176470584 0.06834201
0.0 0.0 0.0 0.0 0.0 0.0 0.0 0.0 0.0 0.0 0.0 0.0 0.0 0.0 0.14973262032085566 0.07352941176470584 0.06830082
0 0 0.0 0.0 0 0.0 0.0 0 0.0 0.0 0.0 0.0 0.0 0.0 0.14973262032085566 0.07352941176470584 0.06732806
0 0 0.0 0.0 0 0.0 0.0 0 0.0 0.0 0.0 0.007462686567164201 0.0 0.0 0.14973262032085566 0.07352941176470584 0.06738459
0 0 0.0 0.0 0 0.0 0.0 0 0.30000000000000004 0.0 0.0 0.1527777777777778 0.0 0.0 0.14973262032085566 0.07352941176470584 0.06738595
0 0 0.0 0.0 0 0.0 0.0 0 0.6333333333333333 0.0 0.0 0.2206896551724138 0.0 0.0 0.14973262032085566 0.07352941176470584 0.06759427
0 0 0.0 0.0 0 0.0 0.0 0 0.0 0.0 0.0 0.0 0.0 0.0 0.14973262032085566 0.07352941176470584 0.06747287
0 0 0 0.0 0 0 0.0 0 0.0 0.5283018867924528 0.0 0.0 0.31976744186046513 0.0 0.14973262032085566 0.07352941176470584 0.06712645
0 0 0.0 0.0 0 0.19999999999999996 0.0 0 0.0 0.5283018867924528 0.0 0.007462686567164201 0.31976744186046513 0.0 0.14973262032085566 0.07352941176470584 0.06718960
0 0 1.0 0.0 0 0.7857142857142857 0.0 0 0.30000000000000004 0.5283018867924528 0.0 0.1527777777777778 0.31976744186046513 0.0 0.14973262032085566 0.07352941176470584 0.06740168
0 0 1.0 0.0 0 0.5517241379310345 0.0 0 0.6333333333333333 0.5283018867924528 0.0 0.2206896551724138 0.31976744186046513 0.0 0.14973262032085566 0.07352941176470584 0.06749490
0 0 0.0 0.0 0 0.0 0.0 0 0.0 0.5283018867924528 0.0 0.0 0.31976744186046513 0.0 0.14973262032085566 0.07352941176470584 0.06712442
0 0 0.0 0.0 0 0.0 0.0 0 0.0 0.0 0.0 0.0 0.0 0.0 0.14973262032085566 0.07352941176470584 0.06716367
0 0 0.0 0.0 0 0.0 0.0 0 0.0 0.0 0.0 0.007462686567164201 0.0 0.0 0.14973262032085566 0.07352941176470584 0.06739919
0 0 0.0 0.0 0 0.0 0.0 0 0.30000000000000004 0.0 0.0 0.1527777777777778 0.0 0.0 0.14973262032085566 0.07352941176470584 0.06729431
0 0 0.0 0.0 0 0.0 0.0 0 0.6333333333333333 0.0 0.0 0.2206896551724138 0.0 0.0 0.14973262032085566 0.07352941176470584 0.06755093
0 0 0 0.0 0 0.0 0.0 0 0.0 0.0 0.0 0.0 0.0 0.0 0.14973262032085566 0.07352941176470584 0.06726775
0 0 0.0 0.0 0 0.0 0.0 0 0.0 0.0 0.0 0.0 0.0 0.0 0.14973262032085566 0.07352941176470584 0.06696345
0 0 0.0 0.0 0 0.0 0.0 0 0.0 0.0 0.0 0.007462686567164201 0.0 0.0 0.14973262032085566 0.07352941176470584 0.06713007
0 0 0.0 0.0 0 0.0 0.0 0 0.30000000000000004 0.0 0.0 0.1527777777777778 0.0 0.0 0.14973262032085566 0.07352941176470584 0.06737386
0 0 0.0 0.0 0 0.0 0.0 0 0.6333333333333333 0.0 0.0 0.2206896551724138 0.0 0.0 0.14973262032085566 0.07352941176470584 0.06741209
0 0 0.0 0.0 0 0.0 0.0 0 0.0 0.0 0.0 0.0 0.0 0.0 0.14973262032085566 0.07352941176470584 0.06732206
0.0 0.0 0.0 0.0 0.0 0.0 0.0 0.0 0.0 0.0 0.0 0.0 0.0 0.0 0.14973262032085566 0.07352941176470584 0.06736406
0.0 0.0 0.0 0.0 0.0 0.0 0.0 0.0 0.0 0.0 0.0 0.007462686567164201 0.0 0.0 0.14973262032085566 0.07352941176470584 0.06760363
0.0 0.0 0.0 0.0 0.0 0.0 0.0 0.0 0.30000000000000004 0.0 0.0 0.1527777777777778 0.0 0.0 0.14973262032085566 0.07352941176470584 0.06791702
0.0 0.0 0.0 0.0 0.0 0.0 0.0 0.0 0.6333333333333333 0.0 0.0 0.2206896551724138 0.0 0.0 0.14973262032085566 0.07352941176470584 0.06801848
0.0 0.0 0.0 0.0 0.0 0.0 0.0 0.0 0.0 0.0 0.0 0.0 0.0 0.0 0.14973262032085566 0.07352941176470584 0.06824069
0 0 0 0.0 0 0 0.0 0 0.0 0.5283018867924528 0.0 0.0 0.31976744186046513 0.0 0.14973262032085566 0.07352941176470584 0.06705694
0 0 0.0 0.0 0 0.19999999999999996 0.0 0 0.0 0.5283018867924528 0.0 0.007462686567164201 0.31976744186046513 0.0 0.14973262032085566 0.07352941176470584 0.06724808
0 0 1.0 0.0 0 0.7857142857142857 0.0 0 0.30000000000000004 0.5283018867924528 0.0 0.1527777777777778 0.31976744186046513 0.0 0.14973262032085566 0.07352941176470584 0.06721044
0 0 1.0 0.0 0 0.5517241379310345 0.0 0 0.6333333333333333 0.5283018867924528 0.0 0.2206896551724138 0.31976744186046513 0.0 0.14973262032085566 0.07352941176470584 0.06729603
0 0 0.0 0.0 0 0.0 0.0 0 0.0 0.5283018867924528 0.0 0.0 0.31976744186046513 0.0 0.14973262032085566 0.07352941176470584 0.06761836
0 0 0.0 0 0 0.0 0 0 0.0 0.0 0.5283018867924528 0.0 0.0 0.31976744186046513 0.14973262032085566 0.07352941176470584 0.06702482
0 0 0.0 0.0 0 0.0 0.19999999999999996 0 0.0 0.0 0.5283018867924528 0.007462686567164201 0.0 0.31976744186046513 0.14973262032085566 0.07352941176470584 0.06717060
0 0 0.0 1.0 0 0.0 0.7857142857142857 0 0.30000000000000004 0.0 0.5283018867924528 0.1527777777777778 0.0 0.31976744186046513 0.14973262032085566 0.07352941176470584 0.06719055
0 0 0.0 1.0 0 0.0 0.5517241379310345 0 0.6333333333333333 0.0 0.5283018867924528 0.2206896551724138 0.0 0.31976744186046513 0.14973262032085566 0.07352941176470584 0.06704639
0 0 0 0.0 0 0.0 0.0 0 0.0 0.0 0.5283018867924528 0.0 0.0 0.31976744186046513 0.14973262032085566 0.07352941176470584 0.06740630
0 0 0.0 0 0 0.0 0 0 0.0 0.0 0.5283018867924528 0.0 0.0 0.31976744186046513 0.14973262032085566 0.07352941176470584 0.06707724
0 0 0.0 0.0 0 0.0 0.19999999999999996 0 0.0 0.0 0.5283018867924528 0.007462686567164201 0.0 0.31976744186046513 0.14973262032085566 0.07352941176470584 0.06705167
0 0 0.0 1.0 0 0.0 0.7857142857142857 0 0.30000000000000004 0.0 0.5283018867924528 0.1527777777777778 0.0 0.31976744186046513 0.14973262032085566 0.07352941176470584 0.06729897
0 0 0.0 1.0 0 0.0 0.5517241379310345 0 0.6333333333333333 0.0 0.5283018867924528 0.2206896551724138 0.0 0.31976744186046513 0.14973262032085566 0.07352941176470584 0.06706267
0 0 0.0 0.0 0 0.0 0.0 0 0.0 0.0 0.5283018867924528 0.0 0.0 0.31976744186046513 0.14973262032085566 0.07352941176470584 0.06731832
0 0 0.0 0 0 0.0 0 0 0.0 0.0 0.5283018867924528 0.0 0.0 0.31976744186046513 0.14973262032085566 0.07352941176470584 0.06707662
0 0 0.0 0.0 0 0.0 0.19999999999999996 0 0.0 0.0 0.5283018867924528 0.007462686567164201 0.0 0.31976744186046513 0.14973262032085566 0.07352941176470584 0.06697801
0 0 0.0 1.0 0 0.0 0.7857142857142857 0 0.30000000000000004 0.0 0.5283018867924528 0.1527777777777778 0.0 0.31976744186046513 0.14973262032085566 0.07352941176470584 0.06717528
0 0 0.0 1.0 0 0.0 0.5517241379310345 0 0.6333333333333333 0.0 0.5283018867924528 0.2206896551724138 0.0 0.31976744186046513 0.14973262032085566 0.07352941176470584 0.06714573
0 0 0.0 0.0 0 0.0 0.0 0 0.0 0.0 0.5283018867924528 0.0 0.0 0.31976744186046513 0.14973262032085566 0.07352941176470584 0.06700096
0.0 0.19999999999999996 0.0 0.0 0.5283018867924528 0.19999999999999996 0.19999999999999996 0.31976744186046513 0.0 0.5283018867924528 0.5283018867924528 0.007462686567164201 0.31976744186046513 0.31976744186046513 0.14973262032085566 0.07352941176470584 0.06743352
0.0 0.0 0.0 0.0 0.5283018867924528 0.0 0.0 0.31976744186046513 0.0 0.5283018867924528 0.5283018867924528 0.0 0.31976744186046513 0.31976744186046513 0.14973262032085566 0.07352941176470584 0.06746808
0.0 0.0 0.0 0.0 0.0 0.0 0.0 0.0 0.0 0.0 0.0 0.0 0.0 0.0 0.1597633136094675 0.07352941176470584 0.06753901
0.0 0.0 0.0 0.0 0.0 0.0 0.0 0.0 0.05882352941176472 0.0 0.0 0.007462686567164201 0.0 0.0 0.1597633136094675 0.07352941176470584 0.06769756
0.0 0.0 0.0 0.0 0.0 0.0 0.0 0.0 0.3421052631578947 0.0 0.0 0.1527777777777778 0.0 0.0 0.1597633136094675 0.07352941176470584 0.06786124
0.0 0.0 0.0 0.0 0.0 0.0 0.0 0.0 0.4193548387096774 0.0 0.0 0.2206896551724138 0.0 0.0 0.1597633136094675 0.07352941176470584 0.06769138
0.0 0.0 0.0 0.0 0.0 0.0 0.0 0.0 0.0 0.0 0.0 0.0 0.0 0.0 0.1597633136094675 0.07352941176470584 0.06791636
0 0 0.0 0.0 0 0.0 0.0 0 0.0 0.0 0.0 0.0 0.0 0.0 0.1597633136094675 0.07352941176470584 0.06737484
0 0 0.0 0.0 0 0.0 0.0 0 0.05882352941176472 0.0 0.0 0.007462686567164201 0.0 0.0 0.1597633136094675 0.07352941176470584 0.06746834
0 0 0.0 0.0 0 0.0 0.0 0 0.3421052631578947 0.0 0.0 0.1527777777777778 0.0 0.0 0.1597633136094675 0.07352941176470584 0.06724446
0 0 0.0 0.0 0 0.0 0.0 0 0.4193548387096774 0.0 0.0 0.2206896551724138 0.0 0.0 0.1597633136094675 0.07352941176470584 0.06721120
0 0 0.0 0.0 0 0.0 0.0 0 0.0 0.0 0.0 0.0 0.0 0.0 0.1597633136094675 0.07352941176470584 0.06718312
0 0 0.0 0.0 0 0.0 0.0 0 0.0 0.0 0.0 0.0 0.0 0.0 0.1597633136094675 0.07352941176470584 0.06705546
0 0 0.0 0.0 0 0.0 0.0 0 0.05882352941176472 0.0 0.0 0.007462686567164201 0.0 0.0 0.1597633136094675 0.07352941176470584 0.06709475
0 0 0.0 0.0 0 0.0 0.0 0 0.3421052631578947 0.0 0.0 0.1527777777777778 0.0 0.0 0.1597633136094675 0.07352941176470584 0.06706718
0 0 0.0 0.0 0 0.0 0.0 0 0.4193548387096774 0.0 0.0 0.2206896551724138 0.0 0.0 0.1597633136094675 0.07352941176470584 0.06724885
0 0 0.0 0.0 0 0.0 0.0 0 0.0 0.0 0.0 0.0 0.0 0.0 0.1597633136094675 0.07352941176470584 0.06715073
0 0 0 0.0 0 0 0.0 0 0.0 0.6428571428571428 0.0 0.0 0.31976744186046513 0.0 0.1597633136094675 0.07352941176470584 0.06670507
0 0 1.0 0.0 0 0.19999999999999996 0.0 0 0.05882352941176472 0.6428571428571428 0.0 0.007462686567164201 0.31976744186046513 0.0 0.1597633136094675 0.07352941176470584 0.06703177
0 0 1.0 0.0 0 0.7857142857142857 0.0 0 0.3421052631578947 0.6428571428571428 0.0 0.1527777777777778 0.31976744186046513 0.0 0.1597633136094675 0.07352941176470584 0.06713502
0 0 1.0 0.0 0 0.5517241379310345 0.0 0 0.4193548387096774 0.6428571428571428 0.0 0.2206896551724138 0.31976744186046513 0.0 0.1597633136094675 0.07352941176470584 0.06728677
0 0 0.0 0.0 0 0.0 0.0 0 0.0 0.6428571428571428 0.0 0.0 0.31976744186046513 0.0 0.1597633136094675 0.07352941176470584 0.06702535
0 0 0.0 0.0 0 0.0 0.0 0 0.0 0.0 0.0 0.0 0.0 0.0 0.1597633136094675 0.07352941176470584 0.06696105
0 0 0.0 0.0 0 0.0 0.0 0 0.05882352941176472 0.0 0.0 0.007462686567164201 0.0 0.0 0.1597633136094675 0.07352941176470584 0.06706299
0 0 0.0 0.0 0 0.0 0.0 0 0.3421052631578947 0.0 0.0 0.1527777777777778 0.0 0.0 0.1597633136094675 0.07352941176470584 0.06724834
0 0 0.0 0.0 0 0.0 0.0 0 0.4193548387096774 0.0 0.0 0.2206896551724138 0.0 0.0 0.1597633136094675 0.07352941176470584 0.06689131
0 0 0.0 0.0 0 0.0 0.0 0 0.0 0.0 0.0 0.0 0.0 0.0 0.1597633136094675 0.07352941176470584 0.06715998
0.0 0.0 0.0 0.0 0.0 0.0 0.0 0.0 0.0 0.0 0.0 0.0 0.0 0.0 0.1597633136094675 0.07352941176470584 0.06745193
0.0 0.0 0.0 0.0 0.0 0.0 0.0 0.0 0.05882352941176472 0.0 0.0 0.007462686567164201 0.0 0.0 0.1597633136094675 0.07352941176470584 0.06735855
0.0 0.0 0.0 0.0 0.0 0.0 0.0 0.0 0.3421052631578947 0.0 0.0 0.1527777777777778 0.0 0.0 0.1597633136094675 0.07352941176470584 0.06765659
0.0 0.0 0.0 0.0 0.0 0.0 0.0 0.0 0.4193548387096774 0.0 0.0 0.2206896551724138 0.0 0.0 0.1597633136094675 0.07352941176470584 0.06741307
0.0 0.0 0.0 0.0 0.0 0.0 0.0 0.0 0.0 0.0 0.0 0.0 0.0 0.0 0.1597633136094675 0.07352941176470584 0.06764579
0 0 0.0 0.0 0 0.0 0.0 0 0.0 0.0 0.0 0.0 0.0 0.0 0.1597633136094675 0.07352941176470584 0.06694335
0 0 0.0 0.0 0 0.0 0.0 0 0.05882352941176472 0.0 0.0 0.007462686567164201 0.0 0.0 0.1597633136094675 0.07352941176470584 0.06683281
0 0 0.0 0.0 0 0.0 0.0 0 0.3421052631578947 0.0 0.0 0.1527777777777778 0.0 0.0 0.1597633136094675 0.07352941176470584 0.06708660
0 0 0.0 0.0 0 0.0 0.0 0 0.4193548387096774 0.0 0.0 0.2206896551724138 0.0 0.0 0.1597633136094675 0.07352941176470584 0.06724671
0 0 0.0 0.0 0 0.0 0.0 0 0.0 0.0 0.0 0.0 0.0 0.0 0.1597633136094675 0.07352941176470584 0.06721882
0 0 0 0.0 0 0 0.0 0 0.0 0.6428571428571428 0.0 0.0 0.31976744186046513 0.0 0.1597633136094675 0.07352941176470584 0.06675317
0 0 1.0 0.0 0 0.19999999999999996 0.0 0 0.05882352941176472 0.6428571428571428 0.0 0.007462686567164201 0.31976744186046513 0.0 0.1597633136094675 0.07352941176470584 0.06684921
0 0 1.0 0.0 0 0.7857142857142857 0.0 0 0.3421052631578947 0.6428571428571428 0.0 0.1527777777777778 0.31976744186046513 0.0 0.1597633136094675 0.07352941176470584 0.06706578
0 0 1.0 0.0 0 0.5517241379310345 0.0 0 0.4193548387096774 0.6428571428571428 0.0 0.2206896551724138 0.31976744186046513 0.0 0.1597633136094675 0.07352941176470584 0.06710702
0 0 0.0 0.0 0 0.0 0.0 0 0.0 0.6428571428571428 0.0 0.0 0.31976744186046513 0.0 0.1597633136094675 0.07352941176470584 0.06716924
0 0 0.0 0.0 0 0.0 0.0 0 0.0 0.0 0.0 0.0 0.0 0.0 0.1597633136094675 0.07352941176470584 0.06707282
0 0 0.0 0.0 0 0.0 0.0 0 0.05882352941176472 0.0 0.0 0.007462686567164201 0.0 0.0 0.1597633136094675 0.07352941176470584 0.06691669
0 0 0.0 0.0 0 0.0 0.0 0 0.3421052631578947 0.0 0.0 0.1527777777777778 0.0 0.0 0.1597633136094675 0.07352941176470584 0.06700469
0 0 0.0 0.0 0 0.0 0.0 0 0.4193548387096774 0.0 0.0 0.2206896551724138 0.0 0.0 0.1597633136094675 0.07352941176470584 0.06720956
0 0 0.0 0.0 0 0.0 0.0 0 0.0 0.0 0.0 0.0 0.0 0.0 0.1597633136094675 0.07352941176470584 0.06676542
0 0 0.0 0.0 0 0.0 0.0 0 0.0 0.0 0.0 0.0 0.0 0.0 0.1597633136094675 0.07352941176470584 0.06675609
0 0 0.0 0.0 0 0.0 0.0 0 0.05882352941176472 0.0 0.0 0.007462686567164201 0.0 0.0 0.1597633136094675 0.07352941176470584 0.06709324
0 0 0.0 0.0 0 0.0 0.0 0 0.3421052631578947 0.0 0.0 0.1527777777777778 0.0 0.0 0.1597633136094675 0.07352941176470584 0.06683499
0 0 0.0 0.0 0 0.0 0.0 0 0.4193548387096774 0.0 0.0 0.2206896551724138 0.0 0.0 0.1597633136094675 0.07352941176470584 0.06701088
0 0 0.0 0.0 0 0.0 0.0 0 0.0 0.0 0.0 0.0 0.0 0.0 0.1597633136094675 0.07352941176470584 0.06702734
0.0 0.0 0.0 0.0 0.0 0.0 0.0 0.0 0.0 0.0 0.0 0.0 0.0 0.0 0.1597633136094675 0.07352941176470584 0.06709266
0.0 0.0 0.0 0.0 0.0 0.0 0.0 0.0 0.05882352941176472 0.0 0.0 0.007462686567164201 0.0 0.0 0.1597633136094675 0.07352941176470584 0.06733789
0.0 0.0 0.0 0.0 0.0 0.0 0.0 0.0 0.3421052631578947 0.0 0.0 0.1527777777777778 0.0 0.0 0.1597633136094675 0.07352941176470584 0.06736619
0.0 0.0 0.0 0.0 0.0 0.0 0.0 0.0 0.4193548387096774 0.0 0.0 0.2206896551724138 0.0 0.0 0.1597633136094675 0.07352941176470584 0.06736123
0.0 0.0 0.0 0.0 0.0 0.0 0.0 0.0 0.0 0.0 0.0 0.0 0.0 0.0 0.1597633136094675 0.07352941176470584 0.06765941
0 0 0 0.0 0 0 0.0 0 0.0 0.6428571428571428 0.0 0.0 0.31976744186046513 0.0 0.1597633136094675 0.07352941176470584 0.06665996
0 0 1.0 0.0 0 0.19999999999999996 0.0 0 0.05882352941176472 0.6428571428571428 0.0 0.007462686567164201 0.31976744186046513 0.0 0.1597633136094675 0.07352941176470584 0.06701116
0 0 1.0 0.0 0 0.7857142857142857 0.0 0 0.3421052631578947 0.6428571428571428 0.0 0.1527777777777778 0.31976744186046513 0.0 0.1597633136094675 0.07352941176470584 0.06695524
0 0 1.0 0.0 0 0.5517241379310345 0.0 0 0.4193548387096774 0.6428571428571428 0.0 0.2206896551724138 0.31976744186046513 0.0 0.1597633136094675 0.07352941176470584 0.06706988
0 0 0.0 0.0 0 0.0 0.0 0 0.0 0.6428571428571428 0.0 0.0 0.31976744186046513 0.0 0.1597633136094675 0.07352941176470584 0.06727125
0 0 0.0 0 0 0.0 0 0 0.0 0.0 0.6428571428571428 0.0 0.0 0.31976744186046513 0.1597633136094675 0.07352941176470584 0.06682410
0 0 0.0 1.0 0 0.0 0.19999999999999996 0 0.05882352941176472 0.0 0.6428571428571428 0.007462686567164201 0.0 0.31976744186046513 0.1597633136094675 0.07352941176470584 0.06711678
0 0 0.0 1.0 0 0.0 0.7857142857142857 0 0.3421052631578947 0.0 0.6428571428571428 0.1527777777777778 0.0 0.31976744186046513 0.1597633136094675 0.07352941176470584 0.06738995
0 0 0.0 1.0 0 0.0 0.5517241379310345 0 0.4193548387096774 0.0 0.6428571428571428 0.2206896551724138 0.0 0.31976744186046513 0.1597633136094675 0.07352941176470584 0.06719745
0 0 0.0 0.0 0 0.0 0.0 0 0.0 0.0 0.6428571428571428 0.0 0.0 0.31976744186046513 0.1597633136094675 0.07352941176470584 0.06725977
0 0 0.0 0 0 0.0 0 0 0.0 0.0 0.6428571428571428 0.0 0.0 0.31976744186046513 0.1597633136094675 0.07352941176470584 0.06685225
0 0 0.0 1.0 0 0.0 0.19999999999999996 0 0.05882352941176472 0.0 0.6428571428571428 0.007462686567164201 0.0 0.31976744186046513 0.1597633136094675 0.07352941176470584 0.06692293
0 0 0.0 1.0 0 0.0 0.7857142857142857 0 0.3421052631578947 0.0 0.6428571428571428 0.1527777777777778 0.0 0.31976744186046513 0.1597633136094675 0.07352941176470584 0.06714868
0 0 0.0 1.0 0 0.0 0.5517241379310345 0 0.4193548387096774 0.0 0.6428571428571428 0.2206896551724138 0.0 0.31976744186046513 0.1597633136094675 0.07352941176470584 0.06715661
0 0 0.0 0.0 0 0.0 0.0 0 0.0 0.0 0.6428571428571428 0.0 0.0 0.31976744186046513 0.1597633136094675 0.07352941176470584 0.06713486
0 0 0.0 0 0 0.0 0 0 0.0 0.0 0.6428571428571428 0.0 0.0 0.31976744186046513 0.1597633136094675 0.07352941176470584 0.06670575
0 0 0.0 1.0 0 0.0 0.19999999999999996 0 0.05882352941176472 0.0 0.6428571428571428 0.007462686567164201 0.0 0.31976744186046513 0.1597633136094675 0.07352941176470584 0.06702744
0 0 0.0 1.0 0 0.0 0.7857142857142857 0 0.3421052631578947 0.0 0.6428571428571428 0.1527777777777778 0.0 0.31976744186046513 0.1597633136094675 0.07352941176470584 0.06713699
0 0 0.0 1.0 0 0.0 0.5517241379310345 0 0.4193548387096774 0.0 0.6428571428571428 0.2206896551724138 0.0 0.31976744186046513 0.1597633136094675 0.07352941176470584 0.06714953
0 0 0.0 0.0 0 0.0 0.0 0 0.0 0.0 0.6428571428571428 0.0 0.0 0.31976744186046513 0.1597633136094675 0.07352941176470584 0.06704310
0.0 0.0 0.0 0.0 0.6428571428571428 0.0 0.0 0.31976744186046513 0.0 0.6428571428571428 0.6428571428571428 0.0 0.31976744186046513 0.31976744186046513 0.1597633136094675 0.07352941176470584 0.06743685
0.0 0.0 0.0 0.0 0.0 0.0 0.0 0.0 0.0 0.0 0.0 0.0 0.0 0.0 0.0 0.07352941176470584 0.06727932
0.0 0.0 0.0 0.0 0.0 0.0 0.0 0.0 0.0 0.0 0.0 0.007462686567164201 0.0 0.0 0.0 0.07352941176470584 0.06750586
0.0 0.0 0.0 0.0 0.0 0.0 0.0 0.0 0.0 0.0 0.0 0.1527777777777778 0.0 0.0 0.0 0.07352941176470584 0.06760018
0.0 0.0 0.0 0.0 0.0 0.0 0.0 0.0 0.0 0.0 0.0 0.2206896551724138 0.0 0.0 0.0 0.07352941176470584 0.06758461
0.0 0.0 0.0 0.0 0.0 0.0 0.0 0.0 0.0 0.0 0.0 0.0 0.0 0.0 0.0 0.07352941176470584 0.06788286
0 0 0.0 0.0 0 0.0 0.0 0 0.0 0.0 0.0 0.0 0.0 0.0 0.0 0.07352941176470584 0.06714615
0 0 0.0 0.0 0 0.0 0.0 0 0.0 0.0 0.0 0.007462686567164201 0.0 0.0 0.0 0.07352941176470584 0.06742408
0 0 0.0 0.0 0 0.0 0.0 0 0.0 0.0 0.0 0.1527777777777778 0.0 0.0 0.0 0.07352941176470584 0.06705725
0 0 0.0 0.0 0 0.0 0.0 0 0.0 0.0 0.0 0.2206896551724138 0.0 0.0 0.0 0.07352941176470584 0.06746376
0 0 0.0 0.0 0 0.0 0.0 0 0.0 0.0 0.0 0.0 0.0 0.0 0.0 0.07352941176470584 0.06715356
0 0 0 0.0 0 0.0 0.0 0 0.0 0.0 0.0 0.0 0.0 0.0 0.0 0.07352941176470584 0.06700436
0 0 0.0 0.0 0 0.0 0.0 0 0.0 0.0 0.0 0.007462686567164201 0.0 0.0 0.0 0.07352941176470584 0.06703528
0 0 0.0 0.0 0 0.0 0.0 0 0.0 0.0 0.0 0.1527777777777778 0.0 0.0 0.0 0.07352941176470584 0.06715318
0 0 0.0 0.0 0 0.0 0.0 0 0.0 0.0 0.0 0.2206896551724138 0.0 0.0 0.0 0.07352941176470584 0.06717931
0 0 0.0 0.0 0 0.0 0.0 0 0.0 0.0 0.0 0.0 0.0 0.0 0.0 0.07352941176470584 0.06741432
0 0 0 0.0 0 0 0.0 0 0.0 0.0 0.0 0.0 0.31976744186046513 0.0 0.0 0.07352941176470584 0.06707760
0 0 0.0 0.0 0 0.19999999999999996 0.0 0 0.0 0.0 0.0 0.007462686567164201 0.31976744186046513 0.0 0.0 0.07352941176470584 0.06699354
0 0 0.0 0.0 0 0.7857142857142857 0.0 0 0.0 0.0 0.0 0.1527777777777778 0.31976744186046513 0.0 0.0 0.07352941176470584 0.06718796
0 0 0.0 0.0 0 0.5517241379310345 0.0 0 0.0 0.0 0.0 0.2206896551724138 0.31976744186046513 0.0 0.0 0.07352941176470584 0.06740274
0 0 0.0 0.0 0 0.0 0.0 0 0.0 0.0 0.0 0.0 0.31976744186046513 0.0 0.0 0.07352941176470584 0.06705923
0 0 0.0 0.0 0 0.0 0.0 0 0.0 0.0 0.0 0.0 0.0 0.0 0.0 0.07352941176470584 0.06703533
0 0 0.0 0.0 0 0.0 0.0 0 0.0 0.0 0.0 0.007462686567164201 0.0 0.0 0.0 0.07352941176470584 0.06708030
0 0 0.0 0.0 0 0.0 0.0 0 0.0 0.0 0.0 0.1527777777777778 0.0 0.0 0.0 0.07352941176470584 0.06717482
0 0 0.0 0.0 0 0.0 0.0 0 0.0 0.0 0.0 0.2206896551724138 0.0 0.0 0.0 0.07352941176470584 0.06731331
0 0 0.0 0.0 0 0.0 0.0 0 0.0 0.0 0.0 0.0 0.0 0.0 0.0 0.07352941176470584 0.06710726
0.0 0.0 0.0 0.0 0.0 0.0 0.0 0.0 0.0 0.0 0.0 0.0 0.0 0.0 0.0 0.07352941176470584 0.06757855
0.0 0.0 0.0 0.0 0.0 0.0 0.0 0.0 0.0 0.0 0.0 0.007462686567164201 0.0 0.0 0.0 0.07352941176470584 0.06783066
0.0 0.0 0.0 0.0 0.0 0.0 0.0 0.0 0.0 0.0 0.0 0.1527777777777778 0.0 0.0 0.0 0.07352941176470584 0.06773957
0.0 0.0 0.0 0.0 0.0 0.0 0.0 0.0 0.0 0.0 0.0 0.2206896551724138 0.0 0.0 0.0 0.07352941176470584 0.06794651
0.0 0.0 0.0 0.0 0.0 0.0 0.0 0.0 0.0 0.0 0.0 0.0 0.0 0.0 0.0 0.07352941176470584 0.06801478
0 0 0 0.0 0 0.0 0.0 0 0.0 0.0 0.0 0.0 0.0 0.0 0.0 0.07352941176470584 0.06719443
0 0 0.0 0.0 0 0.0 0.0 0 0.0 0.0 0.0 0.007462686567164201 0.0 0.0 0.0 0.07352941176470584 0.06729951
0 0 0.0 0.0 0 0.0 0.0 0 0.0 0.0 0.0 0.1527777777777778 0.0 0.0 0.0 0.07352941176470584 0.06726732
0 0 0.0 0.0 0 0.0 0.0 0 0.0 0.0 0.0 0.2206896551724138 0.0 0.0 0.0 0.07352941176470584 0.06767815
0 0 0.0 0.0 0 0.0 0.0 0 0.0 0.0 0.0 0.0 0.0 0.0 0.0 0.07352941176470584 0.06759979
0 0 0 0.0 0 0 0.0 0 0.0 0.0 0.0 0.0 0.31976744186046513 0.0 0.0 0.07352941176470584 0.06715233
0 0 0.0 0.0 0 0.19999999999999996 0.0 0 0.0 0.0 0.0 0.007462686567164201 0.31976744186046513 0.0 0.0 0.07352941176470584 0.06737220
0 0 0.0 0.0 0 0.7857142857142857 0.0 0 0.0 0.0 0.0 0.1527777777777778 0.31976744186046513 0.0 0.0 0.07352941176470584 0.06723395
0 0 0.0 0.0 0 0.5517241379310345 0.0 0 0.0 0.0 0.0 0.2206896551724138 0.31976744186046513 0.0 0.0 0.07352941176470584 0.06737668
0 0 0.0 0.0 0 0.0 0.0 0 0.0 0.0 0.0 0.0 0.31976744186046513 0.0 0.0 0.07352941176470584 0.06738238
0 0 0.0 0 0 0.0 0.0 0 0.0 0.0 0.0 0.0 0.0 0.0 0.0 0.07352941176470584 0.06695908
0 0 0.0 0.0 0 0.0 0.0 0 0.0 0.0 0.0 0.007462686567164201 0.0 0.0 0.0 0.07352941176470584 0.06710507
0 0 0.0 0.0 0 0.0 0.0 0 0.0 0.0 0.0 0.1527777777777778 0.0 0.0 0.0 0.07352941176470584 0.06730684
0 0 0.0 0.0 0 0.0 0.0 0 0.0 0.0 0.0 0.2206896551724138 0.0 0.0 0.0 0.07352941176470584 0.06713030
0 0 0.0 0.0 0 0.0 0.0 0 0.0 0.0 0.0 0.0 0.0 0.0 0.0 0.07352941176470584 0.06732534
0 0 0.0 0 0 0.0 0.0 0 0.0 0.0 0.0 0.0 0.0 0.0 0.0 0.07352941176470584 0.06697706
0 0 0.0 0.0 0 0.0 0.0 0 0.0 0.0 0.0 0.007462686567164201 0.0 0.0 0.0 0.07352941176470584 0.06714576
0 0 0.0 0.0 0 0.0 0.0 0 0.0 0.0 0.0 0.1527777777777778 0.0 0.0 0.0 0.07352941176470584 0.06704642
0 0 0.0 0.0 0 0.0 0.0 0 0.0 0.0 0.0 0.2206896551724138 0.0 0.0 0.0 0.07352941176470584 0.06701289
0 0 0.0 0.0 0 0.0 0.0 0 0.0 0.0 0.0 0.0 0.0 0.0 0.0 0.07352941176470584 0.06737788
0 0.0 0 0 0.0 0.0 0.0 0.0 0.0 0.0 0.0 0.0 0.0 0.0 0.0 0.07352941176470584 0.06745260
0.0 0.0 0.0 0.0 0.0 0.0 0.0 0.0 0.0 0.0 0.0 0.007462686567164201 0.0 0.0 0.0 0.07352941176470584 0.06748469
0.0 0.0 0.0 0.0 0.0 0.0 0.0 0.0 0.0 0.0 0.0 0.1527777777777778 0.0 0.0 0.0 0.07352941176470584 0.06777334
0.0 0.0 0.0 0.0 0.0 0.0 0.0 0.0 0.0 0.0 0.0 0.2206896551724138 0.0 0.0 0.0 0.07352941176470584 0.06767104
0.0 0.0 0.0 0.0 0.0 0.0 0.0 0.0 0.0 0.0 0.0 0.0 0.0 0.0 0.0 0.07352941176470584 0.06758170
0 0 0 0 0 0 0.0 0 0.0 0.0 0.0 0.0 0.31976744186046513 0.0 0.0 0.07352941176470584 0.06679346
0 0 0.0 0.0 0 0.19999999999999996 0.0 0 0.0 0.0 0.0 0.007462686567164201 0.31976744186046513 0.0 0.0 0.07352941176470584 0.06718823
0 0 0.0 0.0 0 0.7857142857142857 0.0 0 0.0 0.0 0.0 0.1527777777777778 0.31976744186046513 0.0 0.0 0.07352941176470584 0.06721720
0 0 0.0 0.0 0 0.5517241379310345 0.0 0 0.0 0.0 0.0 0.2206896551724138 0.31976744186046513 0.0 0.0 0.07352941176470584 0.06713753
0 0 0.0 0.0 0 0.0 0.0 0 0.0 0.0 0.0 0.0 0.31976744186046513 0.0 0.0 0.07352941176470584 0.06715178
0 0 0.0 0 0 0.0 0 0 0.0 0.0 0.0 0.0 0.0 0.31976744186046513 0.0 0.07352941176470584 0.06693030
0 0 0.0 0.0 0 0.0 0.19999999999999996 0 0.0 0.0 0.0 0.007462686567164201 0.0 0.31976744186046513 0.0 0.07352941176470584 0.06741313
0 0 0.0 0.0 0 0.0 0.7857142857142857 0 0.0 0.0 0.0 0.1527777777777778 0.0 0.31976744186046513 0.0 0.07352941176470584 0.06701226
0 0 0.0 0.0 0 0.0 0.5517241379310345 0 0.0 0.0 0.0 0.2206896551724138 0.0 0.31976744186046513 0.0 0.07352941176470584 0.06731496
0 0 0.0 0.0 0 0.0 0.0 0 0.0 0.0 0.0 0.0 0.0 0.31976744186046513 0.0 0.07352941176470584 0.06712374
0 0 0.0 0 0 0.0 0 0 0.0 0.0 0.0 0.0 0.0 0.31976744186046513 0.0 0.07352941176470584 0.06703007
0 0 0.0 0.0 0 0.0 0.19999999999999996 0 0.0 0.0 0.0 0.007462686567164201 0.0 0.31976744186046513 0.0 0.07352941176470584 0.06721052
0 0 0.0 0.0 0 0.0 0.7857142857142857 0 0.0 0.0 0.0 0.1527777777777778 0.0 0.31976744186046513 0.0 0.07352941176470584 0.06713937
0 0 0.0 0.0 0 0.0 0.5517241379310345 0 0.0 0.0 0.0 0.2206896551724138 0.0 0.31976744186046513 0.0 0.07352941176470584 0.06708770
0 0 0.0 0.0 0 0.0 0.0 0 0.0 0.0 0.0 0.0 0.0 0.31976744186046513 0.0 0.07352941176470584 0.06737256
0 0 0 0 0 0.0 0 0 0.0 0.0 0.0 0.0 0.0 0.31976744186046513 0.0 0.07352941176470584 0.06685361
0 0 0.0 0.0 0 0.0 0.19999999999999996 0 0.0 0.0 0.0 0.007462686567164201 0.0 0.31976744186046513 0.0 0.07352941176470584 0.06702925
0 0 0.0 0.0 0 0.0 0.7857142857142857 0 0.0 0.0 0.0 0.1527777777777778 0.0 0.31976744186046513 0.0 0.07352941176470584 0.06710633
0 0 0.0 0.0 0 0.0 0.5517241379310345 0 0.0 0.0 0.0 0.2206896551724138 0.0 0.31976744186046513 0.0 0.07352941176470584 0.06722926
0 0 0.0 0.0 0 0.0 0.0 0 0.0 0.0 0.0 0.0 0.0 0.31976744186046513 0.0 0.07352941176470584 0.06708038
0 0 0 0 0.0 0 0 0.31976744186046513 0.0 0.0 0.0 0.0 0.31976744186046513 0.31976744186046513 0.0 0.07352941176470584 0.06701787
0.0 0.19999999999999996 0.0 0.0 0.0 0.19999999999999996 0.19999999999999996 0.31976744186046513 0.0 0.0 0.0 0.007462686567164201 0.31976744186046513 0.31976744186046513 0.0 0.07352941176470584 0.06730300
0.0 0.7857142857142857 0.0 0.0 0.0 0.7857142857142857 0.7857142857142857 0.31976744186046513 0.0 0.0 0.0 0.1527777777777778 0.31976744186046513 0.31976744186046513 0.0 0.07352941176470584 0.06750355
0.0 0.5517241379310345 0.0 0.0 0.0 0.5517241379310345 0.5517241379310345 0.31976744186046513 0.0 0.0 0.0 0.2206896551724138 0.31976744186046513 0.31976744186046513 0.0 0.07352941176470584 0.06745222
0.0 0.0 0.0 0.0 0.0 0.0 0.0 0.31976744186046513 0.0 0.0 0.0 0.0 0.31976744186046513 0.31976744186046513 0.0 0.07352941176470584 0.06778493
0.0 0.0 0.0 0.0 0.0 0.0 0.0 0.0 0.0 0.0 0.0 0.0 0.0 0.0 0.0 0.07352941176470584 0.06748716
0.0 0.0 0.0 0.0 0.0 0.0 0.0 0.0 0.0 0.0 0.0 0.007462686567164201 0.0 0.0 0.0 0.07352941176470584 0.06746069
0.0 0.0 0.0 0.0 0.0 0.0 0.0 0.0 0.0 0.0 0.0 0.1527777777777778 0.0 0.0 0.0 0.07352941176470584 0.06761950
0 0.0 0 0 0.0 0.0 0.0 0.0 0.0 0.0 0.0 0.2206896551724138 0.0 0.0 0.0 0.07352941176470584 0.06740156
0.0 0.0 0.0 0.0 0.0 0.0 0.0 0.0 0.0 0.0 0.0 0.0 0.0 0.0 0.0 0.07352941176470584 0.06749926
0 0 0.0 0.0 0 0.0 0.0 0 0.0 0.0 0.0 0.0 0.0 0.0 0.0 0.07352941176470584 0.06679953
0 0 0.0 0.0 0 0.0 0.0 0 0.0 0.0 0.0 0.007462686567164201 0.0 0.0 0.0 0.07352941176470584 0.06703501
0 0 0.0 0.0 0 0.0 0.0 0 0.0 0.0 0.0 0.1527777777777778 0.0 0.0 0.0 0.07352941176470584 0.06698014
0 0 0.0 0 0 0.0 0.0 0 0.0 0.0 0.0 0.2206896551724138 0.0 0.0 0.0 0.07352941176470584 0.06717760
0 0 0.0 0.0 0 0.0 0.0 0 0.0 0.0 0.0 0.0 0.0 0.0 0.0 0.07352941176470584 0.06708794
0 0 0.0 0.0 0 0.0 0.0 0 0.0 0.0 0.0 0.0 0.0 0.0 0.0 0.07352941176470584 0.06682161
0 0 0 0.0 0 0.0 0.0 0 0.0 0.0 0.0 0.007462686567164201 0.0 0.0 0.0 0.07352941176470584 0.06706450
0 0 0.0 0.0 0 0.0 0.0 0 0.0 0.0 0.0 0.1527777777777778 0.0 0.0 0.0 0.07352941176470584 0.06702759
0 0 0.0 0 0 0.0 0.0 0 0.0 0.0 0.0 0.2206896551724138 0.0 0.0 0.0 0.07352941176470584 0.06696621
0 0 0.0 0.0 0 0.0 0.0 0 0.0 0.0 0.0 0.0 0.0 0.0 0.0 0.07352941176470584 0.06712535
0 0 0 0.0 0 0 0.0 0 0.0 0.0 0.0 0.0 0.31976744186046513 0.0 0.0 0.07352941176470584 0.06681787
0 0 0.0 0.0 0 0.19999999999999996 0.0 0 0.0 0.0 0.0 0.007462686567164201 0.31976744186046513 0.0 0.0 0.07352941176470584 0.06679683
0 0 0.0 0.0 0 0.7857142857142857 0.0 0 0.0 0.0 0.0 0.1527777777777778 0.31976744186046513 0.0 0.0 0.07352941176470584 0.06693249
0 0 0.0 0 0 0.5517241379310345 0.0 0 0.0 0.0 0.0 0.2206896551724138 0.31976744186046513 0.0 0.0 0.07352941176470584 0.06722690
0 0 0.0 0.0 0 0.0 0.0 0 0.0 0.0 0.0 0.0 0.31976744186046513 0.0 0.0 0.07352941176470584 0.06701831
0 0 0.0 0.0 0 0.0 0.0 0 0.0 0.0 0.0 0.0 0.0 0.0 0.0 0.07352941176470584 0.06700973
0 0 0.0 0.0 0 0.0 0.0 0 0.0 0.0 0.0 0.007462686567164201 0.0 0.0 0.0 0.07352941176470584 0.06685094
0 0 0.0 0.0 0 0.0 0.0 0 0.0 0.0 0.0 0.1527777777777778 0.0 0.0 0.0 0.07352941176470584 0.06711557
0 0 0 0.0 0 0.0 0.0 0 0.0 0.0 0.0 0.2206896551724138 0.0 0.0 0.0 0.07352941176470584 0.06730632
0 0 0.0 0.0 0 0.0 0.0 0 0.0 0.0 0.0 0.0 0.0 0.0 0.0 0.07352941176470584 0.06738507
0.0 0.0 0.0 0.0 0.0 0.0 0.0 0.0 0.0 0.0 0.0 0.0 0.0 0.0 0.0 0.07352941176470584 0.06759098
0.0 0.0 0.0 0.0 0.0 0.0 0.0 0.0 0.0 0.0 0.0 0.007462686567164201 0.0 0.0 0.0 0.07352941176470584 0.06766122
0.0 0.0 0.0 0.0 0.0 0.0 0.0 0.0 0.0 0.0 0.0 0.1527777777777778 0.0 0.0 0.0 0.07352941176470584 0.06794647
0.0 0.0 0.0 0.0 0.0 0.0 0.0 0.0 0.0 0.0 0.0 0.2206896551724138 0.0 0.0 0.0 0.07352941176470584 0.06774461
0.0 0.0 0.0 0.0 0.0 0.0 0.0 0.0 0.0 0.0 0.0 0.0 0.0 0.0 0.0 0.07352941176470584 0.06775104
0 0 0.0 0.0 0 0.0 0.0 0 0.0 0.0 0.0 0.0 0.0 0.0 0.0 0.07352941176470584 0.06697193
0 0 0 0.0 0 0.0 0.0 0 0.0 0.0 0.0 0.007462686567164201 0.0 0.0 0.0 0.07352941176470584 0.06703044
0 0 0.0 0.0 0 0.0 0.0 0 0.0 0.0 0.0 0.1527777777777778 0.0 0.0 0.0 0.07352941176470584 0.06695151
0 0 0.0 0.0 0 0.0 0.0 0 0.0 0.0 0.0 0.2206896551724138 0.0 0.0 0.0 0.07352941176470584 0.06713978
0 0 0.0 0.0 0 0.0 0.0 0 0.0 0.0 0.0 0.0 0.0 0.0 0.0 0.07352941176470584 0.06713102
0 0 0 0.0 0 0 0.0 0 0.0 0.0 0.0 0.0 0.31976744186046513 0.0 0.0 0.07352941176470584 0.06692634
0 0 0.0 0.0 0 0.19999999999999996 0.0 0 0.0 0.0 0.0 0.007462686567164201 0.31976744186046513 0.0 0.0 0.07352941176470584 0.06713625
0 0 0.0 0.0 0 0.7857142857142857 0.0 0 0.0 0.0 0.0 0.1527777777777778 0.31976744186046513 0.0 0.0 0.07352941176470584 0.06714382
0 0 0.0 0.0 0 0.5517241379310345 0.0 0 0.0 0.0 0.0 0.2206896551724138 0.31976744186046513 0.0 0.0 0.07352941176470584 0.06720495
0 0 0.0 0.0 0 0.0 0.0 0 0.0 0.0 0.0 0.0 0.31976744186046513 0.0 0.0 0.07352941176470584 0.06737716
0 0 0.0 0.0 0 0.0 0.0 0 0.0 0.0 0.0 0.0 0.0 0.0 0.0 0.07352941176470584 0.06706902
0 0 0.0 0 0 0.0 0.0 0 0.0 0.0 0.0 0.007462686567164201 0.0 0.0 0.0 0.07352941176470584 0.06729807
0 0 0.0 0.0 0 0.0 0.0 0 0.0 0.0 0.0 0.1527777777777778 0.0 0.0 0.0 0.07352941176470584 0.06703045
0 0 0 0.0 0 0.0 0.0 0 0.0 0.0 0.0 0.2206896551724138 0.0 0.0 0.0 0.07352941176470584 0.06718267
0 0 0.0 0.0 0 0.0 0.0 0 0.0 0.0 0.0 0.0 0.0 0.0 0.0 0.07352941176470584 0.06731553
0 0 0.0 0.0 0 0.0 0.0 0 0.0 0.0 0.0 0.0 0.0 0.0 0.0 0.07352941176470584 0.06713546
0 0 0.0 0 0 0.0 0.0 0 0.0 0.0 0.0 0.007462686567164201 0.0 0.0 0.0 0.07352941176470584 0.06691998
0 0 0.0 0.0 0 0.0 0.0 0 0.0 0.0 0.0 0.1527777777777778 0.0 0.0 0.0 0.07352941176470584 0.06735187
0 0 0.0 0.0 0 0.0 0.0 0 0.0 0.0 0.0 0.2206896551724138 0.0 0.0 0.0 0.07352941176470584 0.06717188
0 0 0.0 0.0 0 0.0 0.0 0 0.0 0.0 0.0 0.0 0.0 0.0 0.0 0.07352941176470584 0.06720845
0.0 0.0 0.0 0.0 0.0 0.0 0.0 0.0 0.0 0.0 0.0 0.0 0.0 0.0 0.0 0.07352941176470584 0.06738268
0 0.0 0 0 0.0 0.0 0.0 0.0 0.0 0.0 0.0 0.007462686567164201 0.0 0.0 0.0 0.07352941176470584 0.06752859
0.0 0.0 0.0 0.0 0.0 0.0 0.0 0.0 0.0 0.0 0.0 0.1527777777777778 0.0 0.0 0.0 0.07352941176470584 0.06780063
0.0 0.0 0.0 0.0 0.0 0.0 0.0 0.0 0.0 0.0 0.0 0.2206896551724138 0.0 0.0 0.0 0.07352941176470584 0.06760772
0.0 0.0 0.0 0.0 0.0 0.0 0.0 0.0 0.0 0.0 0.0 0.0 0.0 0.0 0.0 0.07352941176470584 0.06764640
0 0 0 0.0 0 0 0.0 0 0.0 0.0 0.0 0.0 0.31976744186046513 0.0 0.0 0.07352941176470584 0.06700219
0 0 0.0 0 0 0.19999999999999996 0.0 0 0.0 0.0 0.0 0.007462686567164201 0.31976744186046513 0.0 0.0 0.07352941176470584 0.06684435
0 0 0.0 0.0 0 0.7857142857142857 0.0 0 0.0 0.0 0.0 0.1527777777777778 0.31976744186046513 0.0 0.0 0.07352941176470584 0.06715929
0 0 0.0 0.0 0 0.5517241379310345 0.0 0 0.0 0.0 0.0 0.2206896551724138 0.31976744186046513 0.0 0.0 0.07352941176470584 0.06714304
0 0 0.0 0.0 0 0.0 0.0 0 0.0 0.0 0.0 0.0 0.31976744186046513 0.0 0.0 0.07352941176470584 0.06723000
0 0 0.0 0 0 0.0 0 0 0.0 0.0 0.0 0.0 0.0 0.31976744186046513 0.0 0.07352941176470584 0.06702806
0 0 0.0 0.0 0 0.0 0.19999999999999996 0 0.0 0.0 0.0 0.007462686567164201 0.0 0.31976744186046513 0.0 0.07352941176470584 0.06715423
0 0 0.0 0.0 0 0.0 0.7857142857142857 0 0.0 0.0 0.0 0.1527777777777778 0.0 0.31976744186046513 0.0 0.07352941176470584 0.06722291
0 0 0 0.0 0 0.0 0.5517241379310345 0 0.0 0.0 0.0 0.2206896551724138 0.0 0.31976744186046513 0.0 0.07352941176470584 0.06720075
0 0 0.0 0.0 0 0.0 0.0 0 0.0 0.0 0.0 0.0 0.0 0.31976744186046513 0.0 0.07352941176470584 0.06706917
0 0 0.0 0 0 0.0 0 0 0.0 0.0 0.0 0.0 0.0 0.31976744186046513 0.0 0.07352941176470584 0.06711669
0 0 0.0 0.0 0 0.0 0.19999999999999996 0 0.0 0.0 0.0 0.007462686567164201 0.0 0.31976744186046513 0.0 0.07352941176470584 0.06709578
0 0 0.0 0.0 0 0.0 0.7857142857142857 0 0.0 0.0 0.0 0.1527777777777778 0.0 0.31976744186046513 0.0 0.07352941176470584 0.06720141
0 0 0.0 0.0 0 0.0 0.5517241379310345 0 0.0 0.0 0.0 0.2206896551724138 0.0 0.31976744186046513 0.0 0.07352941176470584 0.06716051
0 0 0.0 0.0 0 0.0 0.0 0 0.0 0.0 0.0 0.0 0.0 0.31976744186046513 0.0 0.07352941176470584 0.06723975
0 0 0.0 0 0 0.0 0 0 0.0 0.0 0.0 0.0 0.0 0.31976744186046513 0.0 0.07352941176470584 0.06711900
0 0 0 0.0 0 0.0 0.19999999999999996 0 0.0 0.0 0.0 0.007462686567164201 0.0 0.31976744186046513 0.0 0.07352941176470584 0.06723197
0 0 0.0 0.0 0 0.0 0.7857142857142857 0 0.0 0.0 0.0 0.1527777777777778 0.0 0.31976744186046513 0.0 0.07352941176470584 0.06714395
0 0 0.0 0.0 0 0.0 0.5517241379310345 0 0.0 0.0 0.0 0.2206896551724138 0.0 0.31976744186046513 0.0 0.07352941176470584 0.06734141
0 0 0.0 0.0 0 0.0 0.0 0 0.0 0.0 0.0 0.0 0.0 0.31976744186046513 0.0 0.07352941176470584 0.06745173
0 0 0 0 0.0 0 0 0.31976744186046513 0.0 0.0 0.0 0.0 0.31976744186046513 0.31976744186046513 0.0 0.07352941176470584 0.06704854
0.0 0.19999999999999996 0.0 0.0 0.0 0.19999999999999996 0.19999999999999996 0.31976744186046513 0.0 0.0 0.0 0.007462686567164201 0.31976744186046513 0.31976744186046513 0.0 0.07352941176470584 0.06760773
0.0 0.7857142857142857 0.0 0.0 0.0 0.7857142857142857 0.7857142857142857 0.31976744186046513 0.0 0.0 0.0 0.1527777777777778 0.31976744186046513 0.31976744186046513 0.0 0.07352941176470584 0.06764488
0.0 0.5517241379310345 0.0 0.0 0.0 0.5517241379310345 0.5517241379310345 0.31976744186046513 0.0 0.0 0.0 0.2206896551724138 0.31976744186046513 0.31976744186046513 0.0 0.07352941176470584 0.06747442
0.0 0.0 0.0 0.0 0.0 0.0 0.0 0.31976744186046513 0.0 0.0 0.0 0.0 0.31976744186046513 0.31976744186046513 0.0 0.07352941176470584 0.06790629
0 0.0 0 0 0.0 0.0 0.0 0.0 0 0.0 0.0 0.0 0.0 0.0 0.0 0.07352941176470584 0.06739903
0.0 0.0 0.0 0.0 0.0 0.0 0.0 0.0 0.0 0.0 0.0 0.007462686567164201 0.0 0.0 0.0 0.07352941176470584 0.06790892
0.0 0.0 0.0 0.0 0.0 0.0 0.0 0.0 0.0 0.0 0.0 0.1527777777777778 0.0 0.0 0.0 0.07352941176470584 0.06776288
0.0 0.0 0.0 0.0 0.0 0.0 0.0 0.0 0.0 0.0 0.0 0.2206896551724138 0.0 0.0 0.0 0.07352941176470584 0.06768450
0.0 0.0 0.0 0.0 0.0 0.0 0.0 0.0 0.0 0.0 0.0 0.0 0.0 0.0 0.0 0.07352941176470584 0.06776670
0 0 0 0 0 0.0 0.0 0 0 0.0 0.0 0.0 0.0 0.0 0.0 0.07352941176470584 0.06694729
0 0 0 0.0 0 0.0 0.0 0 0.0 0.0 0.0 0.007462686567164201 0.0 0.0 0.0 0.07352941176470584 0.06692652
0 0 0.0 0.0 0 0.0 0.0 0 0.0 0.0 0.0 0.1527777777777778 0.0 0.0 0.0 0.07352941176470584 0.06720229
0 0 0.0 0.0 0 0.0 0.0 0 0.0 0.0 0.0 0.2206896551724138 0.0 0.0 0.0 0.07352941176470584 0.06708973
0 0 0.0 0.0 0 0.0 0.0 0 0.0 0.0 0.0 0.0 0.0 0.0 0.0 0.07352941176470584 0.06716012
0 0 0 0 0 0.0 0.0 0 0 0.0 0.0 0.0 0.0 0.0 0.0 0.07352941176470584 0.06676647
0 0 0 0.0 0 0.0 0.0 0 0.0 0.0 0.0 0.007462686567164201 0.0 0.0 0.0 0.07352941176470584 0.06699888
0 0 0.0 0.0 0 0.0 0.0 0 0.0 0.0 0.0 0.1527777777777778 0.0 0.0 0.0 0.07352941176470584 0.06706168
0 0 0.0 0.0 0 0.0 0.0 0 0.0 0.0 0.0 0.2206896551724138 0.0 0.0 0.0 0.07352941176470584 0.06703874
0 0 0.0 0.0 0 0.0 0.0 0 0.0 0.0 0.0 0.0 0.0 0.0 0.0 0.07352941176470584 0.06724235
0 0 0 0 0 0 0.0 0 0 0.0 0.0 0.0 0.31976744186046513 0.0 0.0 0.07352941176470584 0.06677685
0 0 0 0.0 0 0.19999999999999996 0.0 0 0.0 0.0 0.0 0.007462686567164201 0.31976744186046513 0.0 0.0 0.07352941176470584 0.06672168
0 0 0 0.0 0 0.7857142857142857 0.0 0 0.0 0.0 0.0 0.1527777777777778 0.31976744186046513 0.0 0.0 0.07352941176470584 0.06687923
0 0 0.0 0.0 0 0.5517241379310345 0.0 0 0.0 0.0 0.0 0.2206896551724138 0.31976744186046513 0.0 0.0 0.07352941176470584 0.06685439
0 0 0.0 0.0 0 0.0 0.0 0 0.0 0.0 0.0 0.0 0.31976744186046513 0.0 0.0 0.07352941176470584 0.06696764
0 0 0 0 0 0.0 0.0 0 0 0.0 0.0 0.0 0.0 0.0 0.0 0.07352941176470584 0.06685846
0 0 0.0 0 0 0.0 0.0 0 0.0 0.0 0.0 0.007462686567164201 0.0 0.0 0.0 0.07352941176470584 0.06702702
0 0 0.0 0.0 0 0.0 0.0 0 0.0 0.0 0.0 0.1527777777777778 0.0 0.0 0.0 0.07352941176470584 0.06691648
0 0 0.0 0.0 0 0.0 0.0 0 0.0 0.0 0.0 0.2206896551724138 0.0 0.0 0.0 0.07352941176470584 0.06730553
0 0 0.0 0.0 0 0.0 0.0 0 0.0 0.0 0.0 0.0 0.0 0.0 0.0 0.07352941176470584 0.06702648
0 0.0 0 0 0.0 0.0 0.0 0.0 0 0.0 0.0 0.0 0.0 0.0 0.0 0.07352941176470584 0.06751341
0 0.0 0 0 0.0 0.0 0.0 0.0 0.0 0.0 0.0 0.007462686567164201 0.0 0.0 0.0 0.07352941176470584 0.06736423
0.0 0.0 0.0 0.0 0.0 0.0 0.0 0.0 0.0 0.0 0.0 0.1527777777777778 0.0 0.0 0.0 0.07352941176470584 0.06735136
0.0 0.0 0.0 0.0 0.0 0.0 0.0 0.0 0.0 0.0 0.0 0.2206896551724138 0.0 0.0 0.0 0.07352941176470584 0.06760156
0.0 0.0 0.0 0.0 0.0 0.0 0.0 0.0 0.0 0.0 0.0 0.0 0.0 0.0 0.0 0.07352941176470584 0.06770191
0 0 0 0 0 0.0 0.0 0 0 0.0 0.0 0.0 0.0 0.0 0.0 0.07352941176470584 0.06658288
0 0 0 0 0 0.0 0.0 0 0.0 0.0 0.0 0.007462686567164201 0.0 0.0 0.0 0.07352941176470584 0.06672000
0 0 0.0 0.0 0 0.0 0.0 0 0.0 0.0 0.0 0.1527777777777778 0.0 0.0 0.0 0.07352941176470584 0.06685038
0 0 0.0 0.0 0 0.0 0.0 0 0.0 0.0 0.0 0.2206896551724138 0.0 0.0 0.0 0.07352941176470584 0.06692477
0 0 0.0 0.0 0 0.0 0.0 0 0.0 0.0 0.0 0.0 0.0 0.0 0.0 0.07352941176470584 0.06687739
0 0 0 0 0 0 0.0 0 0 0.0 0.0 0.0 0.31976744186046513 0.0 0.0 0.07352941176470584 0.06653864
0 0 0 0 0 0.19999999999999996 0.0 0 0.0 0.0 0.0 0.007462686567164201 0.31976744186046513 0.0 0.0 0.07352941176470584 0.06697998
0 0 0 0.0 0 0.7857142857142857 0.0 0 0.0 0.0 0.0 0.1527777777777778 0.31976744186046513 0.0 0.0 0.07352941176470584 0.06684983
0 0 0.0 0.0 0 0.5517241379310345 0.0 0 0.0 0.0 0.0 0.2206896551724138 0.31976744186046513 0.0 0.0 0.07352941176470584 0.06668855
0 0 0.0 0.0 0 0.0 0.0 0 0.0 0.0 0.0 0.0 0.31976744186046513 0.0 0.0 0.07352941176470584 0.06695326
0 0 0 0 0 0.0 0.0 0 0 0.0 0.0 0.0 0.0 0.0 0.0 0.07352941176470584 0.06664495
0 0 0.0 0 0 0.0 0.0 0 0.0 0.0 0.0 0.007462686567164201 0.0 0.0 0.0 0.07352941176470584 0.06680575
0 0 0.0 0.0 0 0.0 0.0 0 0.0 0.0 0.0 0.1527777777777778 0.0 0.0 0.0 0.07352941176470584 0.06711886
0 0 0.0 0.0 0 0.0 0.0 0 0.0 0.0 0.0 0.2206896551724138 0.0 0.0 0.0 0.07352941176470584 0.06695557
0 0 0.0 0.0 0 0.0 0.0 0 0.0 0.0 0.0 0.0 0.0 0.0 0.0 0.07352941176470584 0.06698524
0 0 0 0 0 0.0 0.0 0 0 0.0 0.0 0.0 0.0 0.0 0.0 0.07352941176470584 0.06689908
0 0 0 0 0 0.0 0.0 0 0.0 0.0 0.0 0.007462686567164201 0.0 0.0 0.0 0.07352941176470584 0.06668036
0 0 0.0 0.0 0 0.0 0.0 0 0.0 0.0 0.0 0.1527777777777778 0.0 0.0 0.0 0.07352941176470584 0.06679112
0 0 0.0 0.0 0 0.0 0.0 0 0.0 0.0 0.0 0.2206896551724138 0.0 0.0 0.0 0.07352941176470584 0.06693279
0 0 0.0 0.0 0 0.0 0.0 0 0.0 0.0 0.0 0.0 0.0 0.0 0.0 0.07352941176470584 0.06689730
0 0.0 0 0 0.0 0.0 0.0 0.0 0 0.0 0.0 0.0 0.0 0.0 0.0 0.07352941176470584 0.06702583
0 0.0 0 0 0.0 0.0 0.0 0.0 0.0 0.0 0.0 0.007462686567164201 0.0 0.0 0.0 0.07352941176470584 0.06705861
0.0 0.0 0.0 0.0 0.0 0.0 0.0 0.0 0.0 0.0 0.0 0.1527777777777778 0.0 0.0 0.0 0.07352941176470584 0.06752616
0.0 0.0 0.0 0.0 0.0 0.0 0.0 0.0 0.0 0.0 0.0 0.2206896551724138 0.0 0.0 0.0 0.07352941176470584 0.06720082
0.0 0.0 0.0 0.0 0.0 0.0 0.0 0.0 0.0 0.0 0.0 0.0 0.0 0.0 0.0 0.07352941176470584 0.06729645
0 0 0 0 0 0 0.0 0 0 0.0 0.0 0.0 0.31976744186046513 0.0 0.0 0.07352941176470584 0.06650542
0 0 0 0 0 0.19999999999999996 0.0 0 0.0 0.0 0.0 0.007462686567164201 0.31976744186046513 0.0 0.0 0.07352941176470584 0.06666047
0 0 0 0.0 0 0.7857142857142857 0.0 0 0.0 0.0 0.0 0.1527777777777778 0.31976744186046513 0.0 0.0 0.07352941176470584 0.06677278
0 0 0.0 0.0 0 0.5517241379310345 0.0 0 0.0 0.0 0.0 0.2206896551724138 0.31976744186046513 0.0 0.0 0.07352941176470584 0.06685602
0 0 0.0 0.0 0 0.0 0.0 0 0.0 0.0 0.0 0.0 0.31976744186046513 0.0 0.0 0.07352941176470584 0.06679674
0 0 0 0 0 0.0 0 0 0 0.0 0.0 0.0 0.0 0.31976744186046513 0.0 0.07352941176470584 0.06649678
0 0 0.0 0 0 0.0 0.19999999999999996 0 0.0 0.0 0.0 0.007462686567164201 0.0 0.31976744186046513 0.0 0.07352941176470584 0.06673531
0 0 0.0 0 0 0.0 0.7857142857142857 0 0.0 0.0 0.0 0.1527777777777778 0.0 0.31976744186046513 0.0 0.07352941176470584 0.06692774
0 0 0.0 0.0 0 0.0 0.5517241379310345 0 0.0 0.0 0.0 0.2206896551724138 0.0 0.31976744186046513 0.0 0.07352941176470584 0.06672761
0 0 0.0 0.0 0 0.0 0.0 0 0.0 0.0 0.0 0.0 0.0 0.31976744186046513 0.0 0.07352941176470584 0.06691444
0 0 0 0 0 0.0 0 0 0 0.0 0.0 0.0 0.0 0.31976744186046513 0.0 0.07352941176470584 0.06655449
0 0 0 0 0 0.0 0.19999999999999996 0 0.0 0.0 0.0 0.007462686567164201 0.0 0.31976744186046513 0.0 0.07352941176470584 0.06708490
0 0 0.0 0 0 0.0 0.7857142857142857 0 0.0 0.0 0.0 0.1527777777777778 0.0 0.31976744186046513 0.0 0.07352941176470584 0.06691410
0 0 0.0 0.0 0 0.0 0.5517241379310345 0 0.0 0.0 0.0 0.2206896551724138 0.0 0.31976744186046513 0.0 0.07352941176470584 0.06719547
0 0 0.0 0.0 0 0.0 0.0 0 0.0 0.0 0.0 0.0 0.0 0.31976744186046513 0.0 0.07352941176470584 0.06695994
0 0 0 0 0 0.0 0 0 0 0.0 0.0 0.0 0.0 0.31976744186046513 0.0 0.07352941176470584 0.06669142
0 0 0 0 0 0.0 0.19999999999999996 0 0.0 0.0 0.0 0.007462686567164201 0.0 0.31976744186046513 0.0 0.07352941176470584 0.06668961
0 0 0.0 0 0 0.0 0.7857142857142857 0 0.0 0.0 0.0 0.1527777777777778 0.0 0.31976744186046513 0.0 0.07352941176470584 0.09945296
0 0 0.0 0.0 0 0.0 0.5517241379310345 0 0.0 0.0 0.0 0.2206896551724138 0.0 0.31976744186046513 0.0 0.07352941176470584 0.06720201
0 0 0.0 0.0 0 0.0 0.0 0 0.0 0.0 0.0 0.0 0.0 0.31976744186046513 0.0 0.07352941176470584 0.06715708
0 0 0 0 0.0 0 0 0.31976744186046513 0 0.0 0.0 0.0 0.31976744186046513 0.31976744186046513 0.0 0.07352941176470584 0.06732823
0 0.19999999999999996 0 0 0.0 0.19999999999999996 0.19999999999999996 0.31976744186046513 0.0 0.0 0.0 0.007462686567164201 0.31976744186046513 0.31976744186046513 0.0 0.07352941176470584 0.06749373
0 0.7857142857142857 0 0 0.0 0.7857142857142857 0.7857142857142857 0.31976744186046513 0.0 0.0 0.0 0.1527777777777778 0.31976744186046513 0.31976744186046513 0.0 0.07352941176470584 0.06745367
0.0 0.5517241379310345 0.0 0.0 0.0 0.5517241379310345 0.5517241379310345 0.31976744186046513 0.0 0.0 0.0 0.2206896551724138 0.31976744186046513 0.31976744186046513 0.0 0.07352941176470584 0.06740976
0.0 0.0 0.0 0.0 0.0 0.0 0.0 0.31976744186046513 0.0 0.0 0.0 0.0 0.31976744186046513 0.31976744186046513 0.0 0.07352941176470584 0.06719415
