Recency Frequency Monetary Time Runtime
(0.25, 0.19999999999999996) (0.5, 0.25) (0.5, 0.25) (0.0, 0.0) 0.83378954
(0.3333333333333333, 0.19999999999999996) (0.3333333333333333, 0.25) (0.3333333333333333, 0.25) (0.3333333333333333, 0.6) 0.48408988
(0.25, 0.19999999999999996) (0.5, 0.25) (0.5, 0.25) (0.0, 0.0) 0.39850696
(0.25, 0.19999999999999996) (0.5, 0.25) (0.5, 0.25) (0.0, 0.0) 0.39838782
(0.25, 0.19999999999999996) (0.3333333333333333, 0.25) (0.3333333333333333, 0.25) (0.3333333333333333, 0.6) 0.30858352
(0.25, 0.19999999999999996) (0.5, 0.25) (0.5, 0.25) (0.0, 0.0) 0.10849928
(0.3333333333333333, 0.19999999999999996) (0.3333333333333333, 0.25) (0.3333333333333333, 0.25) (0.3333333333333333, 0.6) 0.25725280
(0.25, 0.19999999999999996) (0.5, 0.25) (0.5, 0.25) (0.0, 0.0) 0.06757257
(0.25, 0.19999999999999996) (0.5, 0.25) (0.5, 0.25) (0.0, 0.0) 0.06734865
(0.25, 0.19999999999999996) (0.3333333333333333, 0.25) (0.3333333333333333, 0.25) (0.3333333333333333, 0.6) 0.16866622
(0.25, 0.19999999999999996) (0.5, 0.25) (0.5, 0.25) (0.0, 0.0) 0.10818145
(0.3333333333333333, 0.19999999999999996) (0.3333333333333333, 0.25) (0.3333333333333333, 0.25) (0.3333333333333333, 0.6) 0.25775115
(0.25, 0.19999999999999996) (0.5, 0.25) (0.5, 0.25) (0.0, 0.0) 0.06779489
(0.25, 0.19999999999999996) (0.5, 0.25) (0.5, 0.25) (0.0, 0.0) 0.06746995
(0.25, 0.19999999999999996) (0.3333333333333333, 0.25) (0.3333333333333333, 0.25) (0.3333333333333333, 0.6) 0.16880388
(0.3333333333333333, 0.19999999999999996) (1.0, 0.25) (0.0, 0.0) (0.0, 0.0) 0.35752453
(0.5, 0.19999999999999996) (0.5, 0.25) (0.0, 0.0) (0.5, 0.6) 0.05517206
(0.3333333333333333, 0.19999999999999996) (1.0, 0.25) (0.0, 0.0) (0.0, 0.0) 0.06918345
(0.3333333333333333, 0.19999999999999996) (1.0, 0.25) (0.0, 0.0) (0.0, 0.0) 0.06926126
(0.3333333333333333, 0.19999999999999996) (0.5, 0.25) (0.0, 0.0) (0.5, 0.6) 0.06377752
(0.25, 0.19999999999999996) (0.5, 0.25) (0.5, 0.25) (0.0, 0.0) 0.10873880
(0.3333333333333333, 0.19999999999999996) (0.3333333333333333, 0.25) (0.3333333333333333, 0.25) (0.3333333333333333, 0.6) 0.20991090
(0.25, 0.19999999999999996) (0.5, 0.25) (0.5, 0.25) (0.0, 0.0) 0.06760021
(0.25, 0.19999999999999996) (0.5, 0.25) (0.5, 0.25) (0.0, 0.0) 0.06743097
(0.25, 0.19999999999999996) (0.3333333333333333, 0.25) (0.3333333333333333, 0.25) (0.3333333333333333, 0.6) 0.12199844
(0.25, 0.19999999999999996) (0.5, 0.25) (0.5, 0.25) (0.0, 0.0) 0.08808125
(0.3333333333333333, 0.19999999999999996) (0.3333333333333333, 0.25) (0.3333333333333333, 0.25) (0.3333333333333333, 0.6) 0.11800064
(0.25, 0.19999999999999996) (0.5, 0.25) (0.5, 0.25) (0.0, 0.0) 0.06771110
(0.25, 0.19999999999999996) (0.5, 0.25) (0.5, 0.25) (0.0, 0.0) 0.06753333
(0.25, 0.19999999999999996) (0.3333333333333333, 0.25) (0.3333333333333333, 0.25) (0.3333333333333333, 0.6) 0.08097228
(0.25, 0.19999999999999996) (0.5, 0.25) (0.5, 0.25) (0.0, 0.0) 0.08783919
(0.3333333333333333, 0.19999999999999996) (0.3333333333333333, 0.25) (0.3333333333333333, 0.25) (0.3333333333333333, 0.6) 0.11779449
(0.25, 0.19999999999999996) (0.5, 0.25) (0.5, 0.25) (0.0, 0.0) 0.06753399
(0.25, 0.19999999999999996) (0.5, 0.25) (0.5, 0.25) (0.0, 0.0) 0.06766327
(0.25, 0.19999999999999996) (0.3333333333333333, 0.25) (0.3333333333333333, 0.25) (0.3333333333333333, 0.6) 0.08074554
(0.3333333333333333, 0.19999999999999996) (1.0, 0.25) (0.0, 0.0) (0.0, 0.0) 0.06880089
(0.5, 0.19999999999999996) (0.5, 0.25) (0.0, 0.0) (0.5, 0.6) 0.05471871
(0.3333333333333333, 0.19999999999999996) (1.0, 0.25) (0.0, 0.0) (0.0, 0.0) 0.06912944
(0.3333333333333333, 0.19999999999999996) (1.0, 0.25) (0.0, 0.0) (0.0, 0.0) 0.06910741
(0.3333333333333333, 0.19999999999999996) (0.5, 0.25) (0.0, 0.0) (0.5, 0.6) 0.06358466
(0.25, 0.19999999999999996) (0.5, 0.25) (0.5, 0.25) (0.0, 0.0) 0.10840344
(0.3333333333333333, 0.19999999999999996) (0.3333333333333333, 0.25) (0.3333333333333333, 0.25) (0.3333333333333333, 0.6) 0.21005628
(0.25, 0.19999999999999996) (0.5, 0.25) (0.5, 0.25) (0.0, 0.0) 0.06736722
(0.25, 0.19999999999999996) (0.5, 0.25) (0.5, 0.25) (0.0, 0.0) 0.06721601
(0.25, 0.19999999999999996) (0.3333333333333333, 0.25) (0.3333333333333333, 0.25) (0.3333333333333333, 0.6) 0.12192086
(0.25, 0.19999999999999996) (0.5, 0.25) (0.5, 0.25) (0.0, 0.0) 0.08788836
(0.3333333333333333, 0.19999999999999996) (0.3333333333333333, 0.25) (0.3333333333333333, 0.25) (0.3333333333333333, 0.6) 0.11776673
(0.25, 0.19999999999999996) (0.5, 0.25) (0.5, 0.25) (0.0, 0.0) 0.06731959
(0.25, 0.19999999999999996) (0.5, 0.25) (0.5, 0.25) (0.0, 0.0) 0.06742938
(0.25, 0.19999999999999996) (0.3333333333333333, 0.25) (0.3333333333333333, 0.25) (0.3333333333333333, 0.6) 0.08072593
(0.25, 0.19999999999999996) (0.5, 0.25) (0.5, 0.25) (0.0, 0.0) 0.08767522
(0.3333333333333333, 0.19999999999999996) (0.3333333333333333, 0.25) (0.3333333333333333, 0.25) (0.3333333333333333, 0.6) 0.11779724
(0.25, 0.19999999999999996) (0.5, 0.25) (0.5, 0.25) (0.0, 0.0) 0.06728266
(0.25, 0.19999999999999996) (0.5, 0.25) (0.5, 0.25) (0.0, 0.0) 0.06714091
(0.25, 0.19999999999999996) (0.3333333333333333, 0.25) (0.3333333333333333, 0.25) (0.3333333333333333, 0.6) 0.08049662
(0.3333333333333333, 0.19999999999999996) (1.0, 0.25) (0.0, 0.0) (0.0, 0.0) 0.06894213
(0.5, 0.19999999999999996) (0.5, 0.25) (0.0, 0.0) (0.5, 0.6) 0.05477638
(0.3333333333333333, 0.19999999999999996) (1.0, 0.25) (0.0, 0.0) (0.0, 0.0) 0.06885124
(0.3333333333333333, 0.19999999999999996) (1.0, 0.25) (0.0, 0.0) (0.0, 0.0) 0.06886274
(0.3333333333333333, 0.19999999999999996) (0.5, 0.25) (0.0, 0.0) (0.5, 0.6) 0.06338750
(0.3333333333333333, 0.19999999999999996) (0.0, 0.0) (1.0, 0.25) (0.0, 0.0) 0.30722273
(0.5, 0.19999999999999996) (0.0, 0.0) (0.5, 0.25) (0.5, 0.6) 0.05500662
(0.3333333333333333, 0.19999999999999996) (0.0, 0.0) (1.0, 0.25) (0.0, 0.0) 0.06902207
(0.3333333333333333, 0.19999999999999996) (0.0, 0.0) (1.0, 0.25) (0.0, 0.0) 0.06914360
(0.3333333333333333, 0.19999999999999996) (0.0, 0.0) (0.5, 0.25) (0.5, 0.6) 0.06359498
(0.3333333333333333, 0.19999999999999996) (0.0, 0.0) (1.0, 0.25) (0.0, 0.0) 0.06886020
(0.5, 0.19999999999999996) (0.0, 0.0) (0.5, 0.25) (0.5, 0.6) 0.05494920
(0.3333333333333333, 0.19999999999999996) (0.0, 0.0) (1.0, 0.25) (0.0, 0.0) 0.06905450
(0.3333333333333333, 0.19999999999999996) (0.0, 0.0) (1.0, 0.25) (0.0, 0.0) 0.06904321
(0.3333333333333333, 0.19999999999999996) (0.0, 0.0) (0.5, 0.25) (0.5, 0.6) 0.06392091
(0.3333333333333333, 0.19999999999999996) (0.0, 0.0) (1.0, 0.25) (0.0, 0.0) 0.06916307
(0.5, 0.19999999999999996) (0.0, 0.0) (0.5, 0.25) (0.5, 0.6) 0.05505242
(0.3333333333333333, 0.19999999999999996) (0.0, 0.0) (1.0, 0.25) (0.0, 0.0) 0.06924983
(0.3333333333333333, 0.19999999999999996) (0.0, 0.0) (1.0, 0.25) (0.0, 0.0) 0.06921508
(0.3333333333333333, 0.19999999999999996) (0.0, 0.0) (0.5, 0.25) (0.5, 0.6) 0.06365020
(1.0, 0.19999999999999996) (0.0, 0.0) (0.0, 0.0) (1.0, 0.6) 0.05296908
(0.5, 0.19999999999999996) (0.0, 0.0) (0.0, 0.0) (1.0, 0.6) 0.06086123
(0.0, 0.0) (0.5, 0.25) (0.5, 0.25) (0.0, 0.0) 0.26829220
(0.0, 0.0) (0.5, 0.25) (0.5, 0.25) (0.25, 0.6) 0.07569381
(0.0, 0.0) (0.5, 0.25) (0.5, 0.25) (0.0, 0.0) 0.07299682
(0.0, 0.0) (0.5, 0.25) (0.5, 0.25) (0.0, 0.0) 0.07295004
(0.0, 0.0) (0.3333333333333333, 0.25) (0.3333333333333333, 0.25) (0.3333333333333333, 0.8) 0.08412725
(0.0, 0.0) (0.5, 0.25) (0.5, 0.25) (0.0, 0.0) 0.07047418
(0.0, 0.0) (0.5, 0.25) (0.5, 0.25) (0.25, 0.6) 0.06811515
(0.0, 0.0) (0.5, 0.25) (0.5, 0.25) (0.0, 0.0) 0.07044419
(0.0, 0.0) (0.5, 0.25) (0.5, 0.25) (0.0, 0.0) 0.07051797
(0.0, 0.0) (0.3333333333333333, 0.25) (0.3333333333333333, 0.25) (0.3333333333333333, 0.8) 0.08163128
(0.0, 0.0) (0.5, 0.25) (0.5, 0.25) (0.0, 0.0) 0.07045361
(0.0, 0.0) (0.5, 0.25) (0.5, 0.25) (0.25, 0.6) 0.06774408
(0.0, 0.0) (0.5, 0.25) (0.5, 0.25) (0.0, 0.0) 0.07039050
(0.0, 0.0) (0.5, 0.25) (0.5, 0.25) (0.0, 0.0) 0.07037140
(0.0, 0.0) (0.3333333333333333, 0.25) (0.3333333333333333, 0.25) (0.3333333333333333, 0.8) 0.08162182
(0.0, 0.0) (1.0, 0.25) (0.0, 0.0) (0.0, 0.0) 0.07379253
(0.0, 0.0) (1.0, 0.25) (0.0, 0.0) (0.3333333333333333, 0.6) 0.06947786
(0.0, 0.0) (1.0, 0.25) (0.0, 0.0) (0.0, 0.0) 0.07348308
(0.0, 0.0) (1.0, 0.25) (0.0, 0.0) (0.0, 0.0) 0.07375854
(0.0, 0.0) (0.5, 0.25) (0.0, 0.0) (0.5, 0.8) 0.06845505
(0.0, 0.0) (0.5, 0.25) (0.5, 0.25) (0.0, 0.0) 0.07059587
(0.0, 0.0) (0.5, 0.25) (0.5, 0.25) (0.25, 0.6) 0.06773399
(0.0, 0.0) (0.5, 0.25) (0.5, 0.25) (0.0, 0.0) 0.07055010
(0.0, 0.0) (0.5, 0.25) (0.5, 0.25) (0.0, 0.0) 0.07051973
(0.0, 0.0) (0.3333333333333333, 0.25) (0.3333333333333333, 0.25) (0.3333333333333333, 0.8) 0.08170576
(0.0, 0.0) (0.5, 0.25) (0.5, 0.25) (0.0, 0.0) 0.06795329
(0.0, 0.0) (0.5, 0.25) (0.5, 0.25) (0.25, 0.6) 0.06795514
(0.0, 0.0) (0.5, 0.25) (0.5, 0.25) (0.0, 0.0) 0.06788100
(0.0, 0.0) (0.5, 0.25) (0.5, 0.25) (0.0, 0.0) 0.06798619
(0.0, 0.0) (0.3333333333333333, 0.25) (0.3333333333333333, 0.25) (0.3333333333333333, 0.8) 0.08150438
(0.0, 0.0) (0.5, 0.25) (0.5, 0.25) (0.0, 0.0) 0.06797529
(0.0, 0.0) (0.5, 0.25) (0.5, 0.25) (0.25, 0.6) 0.06792116
(0.0, 0.0) (0.5, 0.25) (0.5, 0.25) (0.0, 0.0) 0.06785748
(0.0, 0.0) (0.5, 0.25) (0.5, 0.25) (0.0, 0.0) 0.06788974
(0.0, 0.0) (0.3333333333333333, 0.25) (0.3333333333333333, 0.25) (0.3333333333333333, 0.8) 0.08147190
(0.0, 0.0) (1.0, 0.25) (0.0, 0.0) (0.0, 0.0) 0.07382185
(0.0, 0.0) (1.0, 0.25) (0.0, 0.0) (0.3333333333333333, 0.6) 0.06939309
(0.0, 0.0) (1.0, 0.25) (0.0, 0.0) (0.0, 0.0) 0.07377228
(0.0, 0.0) (1.0, 0.25) (0.0, 0.0) (0.0, 0.0) 0.07378660
(0.0, 0.0) (0.5, 0.25) (0.0, 0.0) (0.5, 0.8) 0.06849472
(0.0, 0.0) (0.5, 0.25) (0.5, 0.25) (0.0, 0.0) 0.07064697
(0.0, 0.0) (0.5, 0.25) (0.5, 0.25) (0.25, 0.6) 0.06787123
(0.0, 0.0) (0.5, 0.25) (0.5, 0.25) (0.0, 0.0) 0.07051839
(0.0, 0.0) (0.5, 0.25) (0.5, 0.25) (0.0, 0.0) 0.07039113
(0.0, 0.0) (0.3333333333333333, 0.25) (0.3333333333333333, 0.25) (0.3333333333333333, 0.8) 0.08156359
(0.0, 0.0) (0.5, 0.25) (0.5, 0.25) (0.0, 0.0) 0.06794814
(0.0, 0.0) (0.5, 0.25) (0.5, 0.25) (0.25, 0.6) 0.06802617
(0.0, 0.0) (0.5, 0.25) (0.5, 0.25) (0.0, 0.0) 0.06787366
(0.0, 0.0) (0.5, 0.25) (0.5, 0.25) (0.0, 0.0) 0.06784224
(0.0, 0.0) (0.3333333333333333, 0.25) (0.3333333333333333, 0.25) (0.3333333333333333, 0.8) 0.08162636
(0.0, 0.0) (0.5, 0.25) (0.5, 0.25) (0.0, 0.0) 0.06778021
(0.0, 0.0) (0.5, 0.25) (0.5, 0.25) (0.25, 0.6) 0.06794593
(0.0, 0.0) (0.5, 0.25) (0.5, 0.25) (0.0, 0.0) 0.06801131
(0.0, 0.0) (0.5, 0.25) (0.5, 0.25) (0.0, 0.0) 0.06776976
(0.0, 0.0) (0.3333333333333333, 0.25) (0.3333333333333333, 0.25) (0.3333333333333333, 0.8) 0.08152871
(0.0, 0.0) (1.0, 0.25) (0.0, 0.0) (0.0, 0.0) 0.07390123
(0.0, 0.0) (1.0, 0.25) (0.0, 0.0) (0.3333333333333333, 0.6) 0.06952530
(0.0, 0.0) (1.0, 0.25) (0.0, 0.0) (0.0, 0.0) 0.07348098
(0.0, 0.0) (1.0, 0.25) (0.0, 0.0) (0.0, 0.0) 0.07359753
(0.0, 0.0) (0.5, 0.25) (0.0, 0.0) (0.5, 0.8) 0.06823160
(0.0, 0.0) (0.0, 0.0) (1.0, 0.25) (0.0, 0.0) 0.07366531
(0.0, 0.0) (0.0, 0.0) (1.0, 0.25) (0.3333333333333333, 0.6) 0.06958703
(0.0, 0.0) (0.0, 0.0) (1.0, 0.25) (0.0, 0.0) 0.07359493
(0.0, 0.0) (0.0, 0.0) (1.0, 0.25) (0.0, 0.0) 0.07370096
(0.0, 0.0) (0.0, 0.0) (0.5, 0.25) (0.5, 0.8) 0.06816725
(0.0, 0.0) (0.0, 0.0) (1.0, 0.25) (0.0, 0.0) 0.07354351
(0.0, 0.0) (0.0, 0.0) (1.0, 0.25) (0.3333333333333333, 0.6) 0.06939682
(0.0, 0.0) (0.0, 0.0) (1.0, 0.25) (0.0, 0.0) 0.07357516
(0.0, 0.0) (0.0, 0.0) (1.0, 0.25) (0.0, 0.0) 0.07366705
(0.0, 0.0) (0.0, 0.0) (0.5, 0.25) (0.5, 0.8) 0.06824731
(0.0, 0.0) (0.0, 0.0) (1.0, 0.25) (0.0, 0.0) 0.07367955
(0.0, 0.0) (0.0, 0.0) (1.0, 0.25) (0.3333333333333333, 0.6) 0.06934651
(0.0, 0.0) (0.0, 0.0) (1.0, 0.25) (0.0, 0.0) 0.07365797
(0.0, 0.0) (0.0, 0.0) (1.0, 0.25) (0.0, 0.0) 0.07369388
(0.0, 0.0) (0.0, 0.0) (0.5, 0.25) (0.5, 0.8) 0.06845744
(0.0, 0.0) (0.0, 0.0) (0.0, 0.0) (1.0, 0.8) 0.07357654
(0.3333333333333333, 0.4) (0.3333333333333333, 0.25) (0.3333333333333333, 0.25) (0.0, 0.0) 0.22080240
(0.3333333333333333, 0.19999999999999996) (0.3333333333333333, 0.25) (0.3333333333333333, 0.25) (0.25, 0.6) 0.10492421
(0.3333333333333333, 0.4) (0.3333333333333333, 0.25) (0.3333333333333333, 0.25) (0.0, 0.0) 0.11534874
(0.3333333333333333, 0.4) (0.3333333333333333, 0.25) (0.3333333333333333, 0.25) (0.0, 0.0) 0.11498627
(0.25, 0.4) (0.25, 0.25) (0.25, 0.25) (0.25, 0.8) 0.12625274
(0.3333333333333333, 0.4) (0.3333333333333333, 0.25) (0.3333333333333333, 0.25) (0.0, 0.0) 0.09426012
(0.3333333333333333, 0.19999999999999996) (0.3333333333333333, 0.25) (0.3333333333333333, 0.25) (0.25, 0.6) 0.08129635
(0.3333333333333333, 0.4) (0.3333333333333333, 0.25) (0.3333333333333333, 0.25) (0.0, 0.0) 0.08676935
(0.3333333333333333, 0.4) (0.3333333333333333, 0.25) (0.3333333333333333, 0.25) (0.0, 0.0) 0.08661343
(0.25, 0.4) (0.25, 0.25) (0.25, 0.25) (0.25, 0.8) 0.09538374
(0.3333333333333333, 0.4) (0.3333333333333333, 0.25) (0.3333333333333333, 0.25) (0.0, 0.0) 0.09475626
(0.3333333333333333, 0.19999999999999996) (0.3333333333333333, 0.25) (0.3333333333333333, 0.25) (0.25, 0.6) 0.08168069
(0.3333333333333333, 0.4) (0.3333333333333333, 0.25) (0.3333333333333333, 0.25) (0.0, 0.0) 0.08677292
(0.3333333333333333, 0.4) (0.3333333333333333, 0.25) (0.3333333333333333, 0.25) (0.0, 0.0) 0.08675191
(0.25, 0.4) (0.25, 0.25) (0.25, 0.25) (0.25, 0.8) 0.09543479
(0.5, 0.4) (0.5, 0.25) (0.0, 0.0) (0.0, 0.0) 0.06816967
(0.5, 0.19999999999999996) (0.5, 0.25) (0.0, 0.0) (0.3333333333333333, 0.6) 0.06394307
(0.5, 0.4) (0.5, 0.25) (0.0, 0.0) (0.0, 0.0) 0.06810739
(0.5, 0.4) (0.5, 0.25) (0.0, 0.0) (0.0, 0.0) 0.06817176
(0.3333333333333333, 0.4) (0.3333333333333333, 0.25) (0.0, 0.0) (0.3333333333333333, 0.8) 0.08160993
(0.3333333333333333, 0.4) (0.3333333333333333, 0.25) (0.3333333333333333, 0.25) (0.0, 0.0) 0.09416594
(0.3333333333333333, 0.19999999999999996) (0.3333333333333333, 0.25) (0.3333333333333333, 0.25) (0.25, 0.6) 0.08137946
(0.3333333333333333, 0.4) (0.3333333333333333, 0.25) (0.3333333333333333, 0.25) (0.0, 0.0) 0.08665481
(0.3333333333333333, 0.4) (0.3333333333333333, 0.25) (0.3333333333333333, 0.25) (0.0, 0.0) 0.08658524
(0.25, 0.4) (0.25, 0.25) (0.25, 0.25) (0.25, 0.8) 0.09519639
(0.3333333333333333, 0.4) (0.3333333333333333, 0.25) (0.3333333333333333, 0.25) (0.0, 0.0) 0.08140693
(0.3333333333333333, 0.19999999999999996) (0.3333333333333333, 0.25) (0.3333333333333333, 0.25) (0.25, 0.6) 0.08132166
(0.3333333333333333, 0.4) (0.3333333333333333, 0.25) (0.3333333333333333, 0.25) (0.0, 0.0) 0.08144972
(0.3333333333333333, 0.4) (0.3333333333333333, 0.25) (0.3333333333333333, 0.25) (0.0, 0.0) 0.08153261
(0.25, 0.4) (0.25, 0.25) (0.25, 0.25) (0.25, 0.8) 0.09516997
(0.3333333333333333, 0.4) (0.3333333333333333, 0.25) (0.3333333333333333, 0.25) (0.0, 0.0) 0.08140267
(0.3333333333333333, 0.19999999999999996) (0.3333333333333333, 0.25) (0.3333333333333333, 0.25) (0.25, 0.6) 0.08139587
(0.3333333333333333, 0.4) (0.3333333333333333, 0.25) (0.3333333333333333, 0.25) (0.0, 0.0) 0.08131645
(0.3333333333333333, 0.4) (0.3333333333333333, 0.25) (0.3333333333333333, 0.25) (0.0, 0.0) 0.08123313
(0.25, 0.4) (0.25, 0.25) (0.25, 0.25) (0.25, 0.8) 0.09532116
(0.5, 0.4) (0.5, 0.25) (0.0, 0.0) (0.0, 0.0) 0.06821654
(0.5, 0.19999999999999996) (0.5, 0.25) (0.0, 0.0) (0.3333333333333333, 0.6) 0.06395236
(0.5, 0.4) (0.5, 0.25) (0.0, 0.0) (0.0, 0.0) 0.06834120
(0.5, 0.4) (0.5, 0.25) (0.0, 0.0) (0.0, 0.0) 0.06808836
(0.3333333333333333, 0.4) (0.3333333333333333, 0.25) (0.0, 0.0) (0.3333333333333333, 0.8) 0.08161175
(0.3333333333333333, 0.4) (0.3333333333333333, 0.25) (0.3333333333333333, 0.25) (0.0, 0.0) 0.09427336
(0.3333333333333333, 0.19999999999999996) (0.3333333333333333, 0.25) (0.3333333333333333, 0.25) (0.25, 0.6) 0.08132247
(0.3333333333333333, 0.4) (0.3333333333333333, 0.25) (0.3333333333333333, 0.25) (0.0, 0.0) 0.08641792
(0.3333333333333333, 0.4) (0.3333333333333333, 0.25) (0.3333333333333333, 0.25) (0.0, 0.0) 0.08654118
(0.25, 0.4) (0.25, 0.25) (0.25, 0.25) (0.25, 0.8) 0.09531390
(0.3333333333333333, 0.4) (0.3333333333333333, 0.25) (0.3333333333333333, 0.25) (0.0, 0.0) 0.08135863
(0.3333333333333333, 0.19999999999999996) (0.3333333333333333, 0.25) (0.3333333333333333, 0.25) (0.25, 0.6) 0.08162672
(0.3333333333333333, 0.4) (0.3333333333333333, 0.25) (0.3333333333333333, 0.25) (0.0, 0.0) 0.08152458
(0.3333333333333333, 0.4) (0.3333333333333333, 0.25) (0.3333333333333333, 0.25) (0.0, 0.0) 0.08130802
(0.25, 0.4) (0.25, 0.25) (0.25, 0.25) (0.25, 0.8) 0.09552894
(0.3333333333333333, 0.4) (0.3333333333333333, 0.25) (0.3333333333333333, 0.25) (0.0, 0.0) 0.08139304
(0.3333333333333333, 0.19999999999999996) (0.3333333333333333, 0.25) (0.3333333333333333, 0.25) (0.25, 0.6) 0.08153197
(0.3333333333333333, 0.4) (0.3333333333333333, 0.25) (0.3333333333333333, 0.25) (0.0, 0.0) 0.08137609
(0.3333333333333333, 0.4) (0.3333333333333333, 0.25) (0.3333333333333333, 0.25) (0.0, 0.0) 0.08131495
(0.25, 0.4) (0.25, 0.25) (0.25, 0.25) (0.25, 0.8) 0.09516890
(0.5, 0.4) (0.5, 0.25) (0.0, 0.0) (0.0, 0.0) 0.06804799
(0.5, 0.19999999999999996) (0.5, 0.25) (0.0, 0.0) (0.3333333333333333, 0.6) 0.06377799
(0.5, 0.4) (0.5, 0.25) (0.0, 0.0) (0.0, 0.0) 0.06825233
(0.5, 0.4) (0.5, 0.25) (0.0, 0.0) (0.0, 0.0) 0.06817540
(0.3333333333333333, 0.4) (0.3333333333333333, 0.25) (0.0, 0.0) (0.3333333333333333, 0.8) 0.08204776
(0.5, 0.4) (0.0, 0.0) (0.5, 0.25) (0.0, 0.0) 0.06827736
(0.5, 0.19999999999999996) (0.0, 0.0) (0.5, 0.25) (0.3333333333333333, 0.6) 0.06389883
(0.5, 0.4) (0.0, 0.0) (0.5, 0.25) (0.0, 0.0) 0.06810047
(0.5, 0.4) (0.0, 0.0) (0.5, 0.25) (0.0, 0.0) 0.06788031
(0.3333333333333333, 0.4) (0.0, 0.0) (0.3333333333333333, 0.25) (0.3333333333333333, 0.8) 0.08167250
(0.5, 0.4) (0.0, 0.0) (0.5, 0.25) (0.0, 0.0) 0.06828364
(0.5, 0.19999999999999996) (0.0, 0.0) (0.5, 0.25) (0.3333333333333333, 0.6) 0.06381556
(0.5, 0.4) (0.0, 0.0) (0.5, 0.25) (0.0, 0.0) 0.06813946
(0.5, 0.4) (0.0, 0.0) (0.5, 0.25) (0.0, 0.0) 0.06815386
(0.3333333333333333, 0.4) (0.0, 0.0) (0.3333333333333333, 0.25) (0.3333333333333333, 0.8) 0.08170982
(0.5, 0.4) (0.0, 0.0) (0.5, 0.25) (0.0, 0.0) 0.06816537
(0.5, 0.19999999999999996) (0.0, 0.0) (0.5, 0.25) (0.3333333333333333, 0.6) 0.06384955
(0.5, 0.4) (0.0, 0.0) (0.5, 0.25) (0.0, 0.0) 0.06816433
(0.5, 0.4) (0.0, 0.0) (0.5, 0.25) (0.0, 0.0) 0.06813873
(0.3333333333333333, 0.4) (0.0, 0.0) (0.3333333333333333, 0.25) (0.3333333333333333, 0.8) 0.08157844
(1.0, 0.4) (0.0, 0.0) (0.0, 0.0) (0.0, 0.0) 0.07382930
(1.0, 0.19999999999999996) (0.0, 0.0) (0.0, 0.0) (0.5, 0.6) 0.06092161
(1.0, 0.4) (0.0, 0.0) (0.0, 0.0) (0.0, 0.0) 0.07354127
(1.0, 0.4) (0.0, 0.0) (0.0, 0.0) (0.0, 0.0) 0.07380844
(0.5, 0.4) (0.0, 0.0) (0.0, 0.0) (0.5, 0.8) 0.06833063
(0.3333333333333333, 0.4) (0.3333333333333333, 0.25) (0.3333333333333333, 0.25) (0.0, 0.0) 0.19435737
(0.3333333333333333, 0.19999999999999996) (0.3333333333333333, 0.25) (0.3333333333333333, 0.25) (0.25, 0.6) 0.10454189
(0.3333333333333333, 0.4) (0.3333333333333333, 0.25) (0.3333333333333333, 0.25) (0.0, 0.0) 0.10439608
(0.3333333333333333, 0.4) (0.3333333333333333, 0.25) (0.3333333333333333, 0.25) (0.0, 0.0) 0.10435952
(0.25, 0.4) (0.25, 0.25) (0.25, 0.25) (0.25, 0.8) 0.11832619
(0.3333333333333333, 0.4) (0.3333333333333333, 0.25) (0.3333333333333333, 0.25) (0.0, 0.0) 0.08111267
(0.3333333333333333, 0.19999999999999996) (0.3333333333333333, 0.25) (0.3333333333333333, 0.25) (0.25, 0.6) 0.08113296
(0.3333333333333333, 0.4) (0.3333333333333333, 0.25) (0.3333333333333333, 0.25) (0.0, 0.0) 0.08143121
(0.3333333333333333, 0.4) (0.3333333333333333, 0.25) (0.3333333333333333, 0.25) (0.0, 0.0) 0.08109316
(0.25, 0.4) (0.25, 0.25) (0.25, 0.25) (0.25, 0.8) 0.09500000
(0.3333333333333333, 0.4) (0.3333333333333333, 0.25) (0.3333333333333333, 0.25) (0.0, 0.0) 0.08113671
(0.3333333333333333, 0.19999999999999996) (0.3333333333333333, 0.25) (0.3333333333333333, 0.25) (0.25, 0.6) 0.08126764
(0.3333333333333333, 0.4) (0.3333333333333333, 0.25) (0.3333333333333333, 0.25) (0.0, 0.0) 0.08107630
(0.3333333333333333, 0.4) (0.3333333333333333, 0.25) (0.3333333333333333, 0.25) (0.0, 0.0) 0.08112811
(0.25, 0.4) (0.25, 0.25) (0.25, 0.25) (0.25, 0.8) 0.09495993
(0.5, 0.4) (0.5, 0.25) (0.0, 0.0) (0.0, 0.0) 0.06799677
(0.5, 0.19999999999999996) (0.5, 0.25) (0.0, 0.0) (0.3333333333333333, 0.6) 0.06403970
(0.5, 0.4) (0.5, 0.25) (0.0, 0.0) (0.0, 0.0) 0.06808248
(0.5, 0.4) (0.5, 0.25) (0.0, 0.0) (0.0, 0.0) 0.06791183
(0.3333333333333333, 0.4) (0.3333333333333333, 0.25) (0.0, 0.0) (0.3333333333333333, 0.8) 0.08160511
(0.3333333333333333, 0.4) (0.3333333333333333, 0.25) (0.3333333333333333, 0.25) (0.0, 0.0) 0.08130565
(0.3333333333333333, 0.19999999999999996) (0.3333333333333333, 0.25) (0.3333333333333333, 0.25) (0.25, 0.6) 0.08115182
(0.3333333333333333, 0.4) (0.3333333333333333, 0.25) (0.3333333333333333, 0.25) (0.0, 0.0) 0.08119209
(0.3333333333333333, 0.4) (0.3333333333333333, 0.25) (0.3333333333333333, 0.25) (0.0, 0.0) 0.08128590
(0.25, 0.4) (0.25, 0.25) (0.25, 0.25) (0.25, 0.8) 0.09506649
(0.3333333333333333, 0.4) (0.3333333333333333, 0.25) (0.3333333333333333, 0.25) (0.0, 0.0) 0.08119988
(0.3333333333333333, 0.19999999999999996) (0.3333333333333333, 0.25) (0.3333333333333333, 0.25) (0.25, 0.6) 0.08144419
(0.3333333333333333, 0.4) (0.3333333333333333, 0.25) (0.3333333333333333, 0.25) (0.0, 0.0) 0.08125881
(0.3333333333333333, 0.4) (0.3333333333333333, 0.25) (0.3333333333333333, 0.25) (0.0, 0.0) 0.08098234
(0.25, 0.4) (0.25, 0.25) (0.25, 0.25) (0.25, 0.8) 0.09487652
(0.3333333333333333, 0.4) (0.3333333333333333, 0.25) (0.3333333333333333, 0.25) (0.0, 0.0) 0.08108276
(0.3333333333333333, 0.19999999999999996) (0.3333333333333333, 0.25) (0.3333333333333333, 0.25) (0.25, 0.6) 0.08114120
(0.3333333333333333, 0.4) (0.3333333333333333, 0.25) (0.3333333333333333, 0.25) (0.0, 0.0) 0.08118549
(0.3333333333333333, 0.4) (0.3333333333333333, 0.25) (0.3333333333333333, 0.25) (0.0, 0.0) 0.08118687
(0.25, 0.4) (0.25, 0.25) (0.25, 0.25) (0.25, 0.8) 0.09499780
(0.5, 0.4) (0.5, 0.25) (0.0, 0.0) (0.0, 0.0) 0.06804509
(0.5, 0.19999999999999996) (0.5, 0.25) (0.0, 0.0) (0.3333333333333333, 0.6) 0.06385215
(0.5, 0.4) (0.5, 0.25) (0.0, 0.0) (0.0, 0.0) 0.06809551
(0.5, 0.4) (0.5, 0.25) (0.0, 0.0) (0.0, 0.0) 0.06805854
(0.3333333333333333, 0.4) (0.3333333333333333, 0.25) (0.0, 0.0) (0.3333333333333333, 0.8) 0.08152894
(0.3333333333333333, 0.4) (0.3333333333333333, 0.25) (0.3333333333333333, 0.25) (0.0, 0.0) 0.08138303
(0.3333333333333333, 0.19999999999999996) (0.3333333333333333, 0.25) (0.3333333333333333, 0.25) (0.25, 0.6) 0.08128176
(0.3333333333333333, 0.4) (0.3333333333333333, 0.25) (0.3333333333333333, 0.25) (0.0, 0.0) 0.08148074
(0.3333333333333333, 0.4) (0.3333333333333333, 0.25) (0.3333333333333333, 0.25) (0.0, 0.0) 0.08110125
(0.25, 0.4) (0.25, 0.25) (0.25, 0.25) (0.25, 0.8) 0.09498571
(0.3333333333333333, 0.4) (0.3333333333333333, 0.25) (0.3333333333333333, 0.25) (0.0, 0.0) 0.08128761
(0.3333333333333333, 0.19999999999999996) (0.3333333333333333, 0.25) (0.3333333333333333, 0.25) (0.25, 0.6) 0.08105597
(0.3333333333333333, 0.4) (0.3333333333333333, 0.25) (0.3333333333333333, 0.25) (0.0, 0.0) 0.08131886
(0.3333333333333333, 0.4) (0.3333333333333333, 0.25) (0.3333333333333333, 0.25) (0.0, 0.0) 0.08117088
(0.25, 0.4) (0.25, 0.25) (0.25, 0.25) (0.25, 0.8) 0.09534976
(0.3333333333333333, 0.4) (0.3333333333333333, 0.25) (0.3333333333333333, 0.25) (0.0, 0.0) 0.08122719
(0.3333333333333333, 0.19999999999999996) (0.3333333333333333, 0.25) (0.3333333333333333, 0.25) (0.25, 0.6) 0.08128748
(0.3333333333333333, 0.4) (0.3333333333333333, 0.25) (0.3333333333333333, 0.25) (0.0, 0.0) 0.08121611
(0.3333333333333333, 0.4) (0.3333333333333333, 0.25) (0.3333333333333333, 0.25) (0.0, 0.0) 0.08132643
(0.25, 0.4) (0.25, 0.25) (0.25, 0.25) (0.25, 0.8) 0.09514757
(0.5, 0.4) (0.5, 0.25) (0.0, 0.0) (0.0, 0.0) 0.06810548
(0.5, 0.19999999999999996) (0.5, 0.25) (0.0, 0.0) (0.3333333333333333, 0.6) 0.06389123
(0.5, 0.4) (0.5, 0.25) (0.0, 0.0) (0.0, 0.0) 0.06817424
(0.5, 0.4) (0.5, 0.25) (0.0, 0.0) (0.0, 0.0) 0.06799045
(0.3333333333333333, 0.4) (0.3333333333333333, 0.25) (0.0, 0.0) (0.3333333333333333, 0.8) 0.08142386
(0.5, 0.4) (0.0, 0.0) (0.5, 0.25) (0.0, 0.0) 0.06822907
(0.5, 0.19999999999999996) (0.0, 0.0) (0.5, 0.25) (0.3333333333333333, 0.6) 0.06382878
(0.5, 0.4) (0.0, 0.0) (0.5, 0.25) (0.0, 0.0) 0.06803087
(0.5, 0.4) (0.0, 0.0) (0.5, 0.25) (0.0, 0.0) 0.06798787
(0.3333333333333333, 0.4) (0.0, 0.0) (0.3333333333333333, 0.25) (0.3333333333333333, 0.8) 0.08160977
(0.5, 0.4) (0.0, 0.0) (0.5, 0.25) (0.0, 0.0) 0.06813451
(0.5, 0.19999999999999996) (0.0, 0.0) (0.5, 0.25) (0.3333333333333333, 0.6) 0.06394156
(0.5, 0.4) (0.0, 0.0) (0.5, 0.25) (0.0, 0.0) 0.06811466
(0.5, 0.4) (0.0, 0.0) (0.5, 0.25) (0.0, 0.0) 0.06817350
(0.3333333333333333, 0.4) (0.0, 0.0) (0.3333333333333333, 0.25) (0.3333333333333333, 0.8) 0.08165986
(0.5, 0.4) (0.0, 0.0) (0.5, 0.25) (0.0, 0.0) 0.06810542
(0.5, 0.19999999999999996) (0.0, 0.0) (0.5, 0.25) (0.3333333333333333, 0.6) 0.06392701
(0.5, 0.4) (0.0, 0.0) (0.5, 0.25) (0.0, 0.0) 0.06809180
(0.5, 0.4) (0.0, 0.0) (0.5, 0.25) (0.0, 0.0) 0.06805376
(0.3333333333333333, 0.4) (0.0, 0.0) (0.3333333333333333, 0.25) (0.3333333333333333, 0.8) 0.08148179
(1.0, 0.4) (0.0, 0.0) (0.0, 0.0) (0.0, 0.0) 0.07389230
(1.0, 0.19999999999999996) (0.0, 0.0) (0.0, 0.0) (0.5, 0.6) 0.06096515
(1.0, 0.4) (0.0, 0.0) (0.0, 0.0) (0.0, 0.0) 0.07360751
(1.0, 0.4) (0.0, 0.0) (0.0, 0.0) (0.0, 0.0) 0.07352348
(0.5, 0.4) (0.0, 0.0) (0.0, 0.0) (0.5, 0.8) 0.06843788
(0.3333333333333333, 0.4) (0.3333333333333333, 0.25) (0.3333333333333333, 0.25) (0.0, 0.0) 0.19415598
(0.3333333333333333, 0.19999999999999996) (0.3333333333333333, 0.25) (0.3333333333333333, 0.25) (0.25, 0.6) 0.10445824
(0.3333333333333333, 0.4) (0.3333333333333333, 0.25) (0.3333333333333333, 0.25) (0.0, 0.0) 0.10440387
(0.3333333333333333, 0.4) (0.3333333333333333, 0.25) (0.3333333333333333, 0.25) (0.0, 0.0) 0.10467616
(0.25, 0.4) (0.25, 0.25) (0.25, 0.25) (0.25, 0.8) 0.11810696
(0.3333333333333333, 0.4) (0.3333333333333333, 0.25) (0.3333333333333333, 0.25) (0.0, 0.0) 0.08104344
(0.3333333333333333, 0.19999999999999996) (0.3333333333333333, 0.25) (0.3333333333333333, 0.25) (0.25, 0.6) 0.08098319
(0.3333333333333333, 0.4) (0.3333333333333333, 0.25) (0.3333333333333333, 0.25) (0.0, 0.0) 0.08090839
(0.3333333333333333, 0.4) (0.3333333333333333, 0.25) (0.3333333333333333, 0.25) (0.0, 0.0) 0.08109329
(0.25, 0.4) (0.25, 0.25) (0.25, 0.25) (0.25, 0.8) 0.09498858
(0.3333333333333333, 0.4) (0.3333333333333333, 0.25) (0.3333333333333333, 0.25) (0.0, 0.0) 0.08096666
(0.3333333333333333, 0.19999999999999996) (0.3333333333333333, 0.25) (0.3333333333333333, 0.25) (0.25, 0.6) 0.08117353
(0.3333333333333333, 0.4) (0.3333333333333333, 0.25) (0.3333333333333333, 0.25) (0.0, 0.0) 0.08134935
(0.3333333333333333, 0.4) (0.3333333333333333, 0.25) (0.3333333333333333, 0.25) (0.0, 0.0) 0.08133026
(0.25, 0.4) (0.25, 0.25) (0.25, 0.25) (0.25, 0.8) 0.09499625
(0.5, 0.4) (0.5, 0.25) (0.0, 0.0) (0.0, 0.0) 0.06804695
(0.5, 0.19999999999999996) (0.5, 0.25) (0.0, 0.0) (0.3333333333333333, 0.6) 0.06359628
(0.5, 0.4) (0.5, 0.25) (0.0, 0.0) (0.0, 0.0) 0.06797107
(0.5, 0.4) (0.5, 0.25) (0.0, 0.0) (0.0, 0.0) 0.06800310
(0.3333333333333333, 0.4) (0.3333333333333333, 0.25) (0.0, 0.0) (0.3333333333333333, 0.8) 0.08145437
(0.3333333333333333, 0.4) (0.3333333333333333, 0.25) (0.3333333333333333, 0.25) (0.0, 0.0) 0.08119214
(0.3333333333333333, 0.19999999999999996) (0.3333333333333333, 0.25) (0.3333333333333333, 0.25) (0.25, 0.6) 0.08100434
(0.3333333333333333, 0.4) (0.3333333333333333, 0.25) (0.3333333333333333, 0.25) (0.0, 0.0) 0.08179822
(0.3333333333333333, 0.4) (0.3333333333333333, 0.25) (0.3333333333333333, 0.25) (0.0, 0.0) 0.08160841
(0.25, 0.4) (0.25, 0.25) (0.25, 0.25) (0.25, 0.8) 0.09570281
(0.3333333333333333, 0.4) (0.3333333333333333, 0.25) (0.3333333333333333, 0.25) (0.0, 0.0) 0.08178565
(0.3333333333333333, 0.19999999999999996) (0.3333333333333333, 0.25) (0.3333333333333333, 0.25) (0.25, 0.6) 0.08161541
(0.3333333333333333, 0.4) (0.3333333333333333, 0.25) (0.3333333333333333, 0.25) (0.0, 0.0) 0.08172886
(0.3333333333333333, 0.4) (0.3333333333333333, 0.25) (0.3333333333333333, 0.25) (0.0, 0.0) 0.08181464
(0.25, 0.4) (0.25, 0.25) (0.25, 0.25) (0.25, 0.8) 0.09572225
(0.3333333333333333, 0.4) (0.3333333333333333, 0.25) (0.3333333333333333, 0.25) (0.0, 0.0) 0.08167699
(0.3333333333333333, 0.19999999999999996) (0.3333333333333333, 0.25) (0.3333333333333333, 0.25) (0.25, 0.6) 0.08188455
(0.3333333333333333, 0.4) (0.3333333333333333, 0.25) (0.3333333333333333, 0.25) (0.0, 0.0) 0.08192639
(0.3333333333333333, 0.4) (0.3333333333333333, 0.25) (0.3333333333333333, 0.25) (0.0, 0.0) 0.08129882
(0.25, 0.4) (0.25, 0.25) (0.25, 0.25) (0.25, 0.8) 0.09476465
(0.5, 0.4) (0.5, 0.25) (0.0, 0.0) (0.0, 0.0) 0.06801258
(0.5, 0.19999999999999996) (0.5, 0.25) (0.0, 0.0) (0.3333333333333333, 0.6) 0.06361735
(0.5, 0.4) (0.5, 0.25) (0.0, 0.0) (0.0, 0.0) 0.06780440
(0.5, 0.4) (0.5, 0.25) (0.0, 0.0) (0.0, 0.0) 0.06795110
(0.3333333333333333, 0.4) (0.3333333333333333, 0.25) (0.0, 0.0) (0.3333333333333333, 0.8) 0.08131226
(0.3333333333333333, 0.4) (0.3333333333333333, 0.25) (0.3333333333333333, 0.25) (0.0, 0.0) 0.08133749
(0.3333333333333333, 0.19999999999999996) (0.3333333333333333, 0.25) (0.3333333333333333, 0.25) (0.25, 0.6) 0.08109858
(0.3333333333333333, 0.4) (0.3333333333333333, 0.25) (0.3333333333333333, 0.25) (0.0, 0.0) 0.08138698
(0.3333333333333333, 0.4) (0.3333333333333333, 0.25) (0.3333333333333333, 0.25) (0.0, 0.0) 0.08120120
(0.25, 0.4) (0.25, 0.25) (0.25, 0.25) (0.25, 0.8) 0.09479597
(0.3333333333333333, 0.4) (0.3333333333333333, 0.25) (0.3333333333333333, 0.25) (0.0, 0.0) 0.08112073
(0.3333333333333333, 0.19999999999999996) (0.3333333333333333, 0.25) (0.3333333333333333, 0.25) (0.25, 0.6) 0.08124554
(0.3333333333333333, 0.4) (0.3333333333333333, 0.25) (0.3333333333333333, 0.25) (0.0, 0.0) 0.08140292
(0.3333333333333333, 0.4) (0.3333333333333333, 0.25) (0.3333333333333333, 0.25) (0.0, 0.0) 0.08127977
(0.25, 0.4) (0.25, 0.25) (0.25, 0.25) (0.25, 0.8) 0.09515212
(0.3333333333333333, 0.4) (0.3333333333333333, 0.25) (0.3333333333333333, 0.25) (0.0, 0.0) 0.08133458
(0.3333333333333333, 0.19999999999999996) (0.3333333333333333, 0.25) (0.3333333333333333, 0.25) (0.25, 0.6) 0.08138749
(0.3333333333333333, 0.4) (0.3333333333333333, 0.25) (0.3333333333333333, 0.25) (0.0, 0.0) 0.08120802
(0.3333333333333333, 0.4) (0.3333333333333333, 0.25) (0.3333333333333333, 0.25) (0.0, 0.0) 0.08126184
(0.25, 0.4) (0.25, 0.25) (0.25, 0.25) (0.25, 0.8) 0.09497467
(0.5, 0.4) (0.5, 0.25) (0.0, 0.0) (0.0, 0.0) 0.06797036
(0.5, 0.19999999999999996) (0.5, 0.25) (0.0, 0.0) (0.3333333333333333, 0.6) 0.06375885
(0.5, 0.4) (0.5, 0.25) (0.0, 0.0) (0.0, 0.0) 0.06800370
(0.5, 0.4) (0.5, 0.25) (0.0, 0.0) (0.0, 0.0) 0.06788971
(0.3333333333333333, 0.4) (0.3333333333333333, 0.25) (0.0, 0.0) (0.3333333333333333, 0.8) 0.08130220
(0.5, 0.4) (0.0, 0.0) (0.5, 0.25) (0.0, 0.0) 0.06804785
(0.5, 0.19999999999999996) (0.0, 0.0) (0.5, 0.25) (0.3333333333333333, 0.6) 0.06380890
(0.5, 0.4) (0.0, 0.0) (0.5, 0.25) (0.0, 0.0) 0.06788395
(0.5, 0.4) (0.0, 0.0) (0.5, 0.25) (0.0, 0.0) 0.06794611
(0.3333333333333333, 0.4) (0.0, 0.0) (0.3333333333333333, 0.25) (0.3333333333333333, 0.8) 0.08127637
(0.5, 0.4) (0.0, 0.0) (0.5, 0.25) (0.0, 0.0) 0.06787689
(0.5, 0.19999999999999996) (0.0, 0.0) (0.5, 0.25) (0.3333333333333333, 0.6) 0.06365621
(0.5, 0.4) (0.0, 0.0) (0.5, 0.25) (0.0, 0.0) 0.06781266
(0.5, 0.4) (0.0, 0.0) (0.5, 0.25) (0.0, 0.0) 0.06793772
(0.3333333333333333, 0.4) (0.0, 0.0) (0.3333333333333333, 0.25) (0.3333333333333333, 0.8) 0.08134360
(0.5, 0.4) (0.0, 0.0) (0.5, 0.25) (0.0, 0.0) 0.06804053
(0.5, 0.19999999999999996) (0.0, 0.0) (0.5, 0.25) (0.3333333333333333, 0.6) 0.06372187
(0.5, 0.4) (0.0, 0.0) (0.5, 0.25) (0.0, 0.0) 0.06797588
(0.5, 0.4) (0.0, 0.0) (0.5, 0.25) (0.0, 0.0) 0.06811181
(0.3333333333333333, 0.4) (0.0, 0.0) (0.3333333333333333, 0.25) (0.3333333333333333, 0.8) 0.08157656
(1.0, 0.4) (0.0, 0.0) (0.0, 0.0) (0.0, 0.0) 0.07387660
(1.0, 0.19999999999999996) (0.0, 0.0) (0.0, 0.0) (0.5, 0.6) 0.06052822
(1.0, 0.4) (0.0, 0.0) (0.0, 0.0) (0.0, 0.0) 0.07371385
(1.0, 0.4) (0.0, 0.0) (0.0, 0.0) (0.0, 0.0) 0.07381875
(0.5, 0.4) (0.0, 0.0) (0.0, 0.0) (0.5, 0.8) 0.06840454
