Recency Frequency Monetary Time Runtime
0.0 0.0 0.0 0.0 0.01317425
0.0 0.0 0.0 0.0 0.01283364
0.0 0.0 0.0 0.0 0.01260622
0.0 0.0 0.0 0.0 0.01256706
0.0 0.0 0.0 0.0 0.01247769
0.0 0.0 0.0 0.0 0.01253025
0.0 0.0 0.0 0.0 0.01258917
0.0 0.0 0.0 0.0 0.01254152
0.0 0.0 0.0 0.0 0.01254753
0.0 0.0 0.0 0.0 0.01260376
0.0 0.0 0.0 0.0 0.01250469
0.0 0.0 0.0 0.0 0.01243836
0.0 0.0 0.0 0.0 0.01244648
0.0 0.0 0.0 0.0 0.01259338
0.0 0.0 0.0 0.0 0.01258534
0.0 0.25 0.0 0.0 0.01255450
0.0 0.0 0.0 0.0 0.01254797
0.0 0.25 0.0 0.0 0.01249516
0.0 0.25 0.0 0.0 0.01248505
0.0 0.0 0.0 0.0 0.01245346
0.0 0.0 0.0 0.0 0.01249792
0.0 0.0 0.0 0.0 0.01266117
0.0 0.0 0.0 0.0 0.01251442
0.0 0.0 0.0 0.0 0.01251041
0.0 0.0 0.0 0.0 0.01251739
0.0 0.0 0.0 0.0 0.01255605
0.0 0.0 0.0 0.0 0.01249359
0.0 0.0 0.0 0.0 0.01249185
0.0 0.0 0.0 0.0 0.01256503
0.0 0.0 0.0 0.0 0.01254649
0.0 0.0 0.0 0.0 0.01259140
0.0 0.0 0.0 0.0 0.01248711
0.0 0.0 0.0 0.0 0.01249111
0.0 0.0 0.0 0.0 0.01249987
0.0 0.0 0.0 0.0 0.01250315
0.0 0.25 0.0 0.0 0.01247850
0.0 0.0 0.0 0.0 0.01259771
0.0 0.25 0.0 0.0 0.01251738
0.0 0.25 0.0 0.0 0.01254366
0.0 0.0 0.0 0.0 0.01255559
0.0 0.0 0.0 0.0 0.01251446
0.0 0.0 0.0 0.0 0.01261160
0.0 0.0 0.0 0.0 0.01252507
0.0 0.0 0.0 0.0 0.01259056
0.0 0.0 0.0 0.0 0.01258879
0.0 0.0 0.0 0.0 0.01249740
0.0 0.0 0.0 0.0 0.01250085
0.0 0.0 0.0 0.0 0.01249498
0.0 0.0 0.0 0.0 0.01249055
0.0 0.0 0.0 0.0 0.01245567
0.0 0.0 0.0 0.0 0.01251433
0.0 0.0 0.0 0.0 0.01252056
0.0 0.0 0.0 0.0 0.01244908
0.0 0.0 0.0 0.0 0.01246384
0.0 0.0 0.0 0.0 0.01250109
0.0 0.25 0.0 0.0 0.01249354
0.0 0.0 0.0 0.0 0.01246909
0.0 0.25 0.0 0.0 0.01264568
0.0 0.25 0.0 0.0 0.01267074
0.0 0.0 0.0 0.0 0.01264229
0.0 0.0 0.25 0.0 0.01256652
0.0 0.0 0.0 0.0 0.01252588
0.0 0.0 0.25 0.0 0.01256333
0.0 0.0 0.25 0.0 0.01255498
0.0 0.0 0.0 0.0 0.01259695
0.0 0.0 0.25 0.0 0.01255575
0.0 0.0 0.0 0.0 0.01260554
0.0 0.0 0.25 0.0 0.01257189
0.0 0.0 0.25 0.0 0.01253590
0.0 0.0 0.0 0.0 0.01255382
0.0 0.0 0.25 0.0 0.01256910
0.0 0.0 0.0 0.0 0.01255197
0.0 0.0 0.25 0.0 0.01253597
0.0 0.0 0.25 0.0 0.01257403
0.0 0.0 0.0 0.0 0.01254662
0.19999999999999996 0.0 0.0 0.6 0.01248148
0.0 0.0 0.0 0.6 0.01249214
0.0 0.0 0.0 0.0 0.01252824
0.0 0.0 0.0 0.0 0.01255258
0.0 0.0 0.0 0.0 0.01254152
0.0 0.0 0.0 0.0 0.01257848
0.0 0.0 0.0 0.0 0.01254371
0.0 0.0 0.0 0.0 0.01250242
0.0 0.0 0.0 0.0 0.01252753
0.0 0.0 0.0 0.0 0.01248137
0.0 0.0 0.0 0.0 0.01255402
0.0 0.0 0.0 0.0 0.01249018
0.0 0.0 0.0 0.0 0.01257709
0.0 0.0 0.0 0.0 0.01261970
0.0 0.0 0.0 0.0 0.01263802
0.0 0.0 0.0 0.0 0.01256306
0.0 0.0 0.0 0.0 0.01255273
0.0 0.25 0.0 0.0 0.01257723
0.0 0.25 0.0 0.0 0.01255488
0.0 0.25 0.0 0.0 0.01249106
0.0 0.25 0.0 0.0 0.01256551
0.0 0.0 0.0 0.0 0.01251314
0.0 0.0 0.0 0.0 0.01252686
0.0 0.0 0.0 0.0 0.01250799
0.0 0.0 0.0 0.0 0.01250990
0.0 0.0 0.0 0.0 0.01254879
0.0 0.0 0.0 0.0 0.01251402
0.0 0.0 0.0 0.0 0.01252745
0.0 0.0 0.0 0.0 0.01261403
0.0 0.0 0.0 0.0 0.01250256
0.0 0.0 0.0 0.0 0.01261791
0.0 0.0 0.0 0.0 0.01256329
0.0 0.0 0.0 0.0 0.01252810
0.0 0.0 0.0 0.0 0.01258899
0.0 0.0 0.0 0.0 0.01253109
0.0 0.0 0.0 0.0 0.01253897
0.0 0.0 0.0 0.0 0.01260895
0.0 0.25 0.0 0.0 0.01253477
0.0 0.25 0.0 0.0 0.01250910
0.0 0.25 0.0 0.0 0.01248261
0.0 0.25 0.0 0.0 0.01256189
0.0 0.0 0.0 0.0 0.01255487
0.0 0.0 0.0 0.0 0.01256298
0.0 0.0 0.0 0.0 0.01254535
0.0 0.0 0.0 0.0 0.01254955
0.0 0.0 0.0 0.0 0.01246525
0.0 0.0 0.0 0.0 0.01256079
0.0 0.0 0.0 0.0 0.01251584
0.0 0.0 0.0 0.0 0.01260735
0.0 0.0 0.0 0.0 0.01258964
0.0 0.0 0.0 0.0 0.01259307
0.0 0.0 0.0 0.0 0.01258845
0.0 0.0 0.0 0.0 0.01254798
0.0 0.0 0.0 0.0 0.01250275
0.0 0.0 0.0 0.0 0.01251676
0.0 0.0 0.0 0.0 0.01250669
0.0 0.0 0.0 0.0 0.01250376
0.0 0.25 0.0 0.0 0.01249524
0.0 0.25 0.0 0.0 0.01249629
0.0 0.25 0.0 0.0 0.01246888
0.0 0.25 0.0 0.0 0.01250233
0.0 0.0 0.0 0.0 0.01249335
0.0 0.0 0.25 0.0 0.01256310
0.0 0.0 0.25 0.0 0.01247969
0.0 0.0 0.25 0.0 0.01250420
0.0 0.0 0.25 0.0 0.01253293
0.0 0.0 0.0 0.0 0.01255535
0.0 0.0 0.25 0.0 0.01258178
0.0 0.0 0.25 0.0 0.01255567
0.0 0.0 0.25 0.0 0.01251410
0.0 0.0 0.25 0.0 0.01254967
0.0 0.0 0.0 0.0 0.01258141
0.0 0.0 0.25 0.0 0.01255946
0.0 0.0 0.25 0.0 0.01251765
0.0 0.0 0.25 0.0 0.01256581
0.0 0.0 0.25 0.0 0.01259075
0.0 0.0 0.0 0.0 0.01257113
0.0 0.0 0.0 0.8 0.01256291
0.0 0.0 0.0 0.0 0.01291437
0.0 0.0 0.0 0.0 0.01249690
0.0 0.0 0.0 0.0 0.01251382
0.0 0.0 0.0 0.0 0.01256253
0.0 0.0 0.0 0.0 0.01250084
0.0 0.0 0.0 0.0 0.01257901
0.0 0.0 0.0 0.0 0.01258447
0.0 0.0 0.0 0.0 0.01252988
0.0 0.0 0.0 0.0 0.01252409
0.0 0.0 0.0 0.0 0.01253671
0.0 0.0 0.0 0.0 0.01251812
0.0 0.0 0.0 0.0 0.01259050
0.0 0.0 0.0 0.0 0.01253357
0.0 0.0 0.0 0.0 0.01260776
0.0 0.0 0.0 0.0 0.01259934
0.0 0.0 0.0 0.0 0.01256837
0.0 0.0 0.0 0.0 0.01262482
0.0 0.0 0.0 0.0 0.01252943
0.0 0.0 0.0 0.0 0.01247666
0.0 0.0 0.0 0.0 0.01253471
0.0 0.0 0.0 0.0 0.01252981
0.0 0.0 0.0 0.0 0.01255922
0.0 0.0 0.0 0.0 0.01261061
0.0 0.0 0.0 0.0 0.01258725
0.0 0.0 0.0 0.0 0.01258371
0.0 0.0 0.0 0.0 0.01255630
0.0 0.0 0.0 0.0 0.01256289
0.0 0.0 0.0 0.0 0.01256442
0.0 0.0 0.0 0.0 0.01260148
0.0 0.0 0.0 0.0 0.01254215
0.0 0.0 0.0 0.0 0.01259407
0.0 0.0 0.0 0.0 0.01257000
0.0 0.0 0.0 0.0 0.01256300
0.0 0.0 0.0 0.0 0.01256780
0.0 0.0 0.0 0.0 0.01260707
0.0 0.0 0.0 0.0 0.01261034
0.0 0.0 0.0 0.0 0.01260426
0.0 0.0 0.0 0.0 0.01262437
0.0 0.0 0.0 0.0 0.01274650
0.0 0.0 0.0 0.0 0.01259670
0.0 0.0 0.0 0.0 0.01260297
0.0 0.0 0.0 0.0 0.01252219
0.0 0.0 0.0 0.0 0.01252378
0.0 0.0 0.0 0.0 0.01252040
0.0 0.0 0.0 0.0 0.01254923
0.0 0.0 0.0 0.0 0.01257920
0.0 0.0 0.0 0.0 0.01254131
0.0 0.0 0.0 0.0 0.01257168
0.0 0.0 0.0 0.0 0.01259450
0.0 0.0 0.0 0.0 0.01256263
0.0 0.0 0.0 0.0 0.01259162
0.0 0.0 0.0 0.0 0.01263884
0.0 0.0 0.0 0.0 0.01256231
0.0 0.0 0.0 0.0 0.01258858
0.0 0.0 0.0 0.0 0.01257933
0.0 0.0 0.0 0.0 0.01256305
0.0 0.0 0.0 0.0 0.01256975
0.0 0.0 0.0 0.0 0.01249148
0.0 0.0 0.0 0.0 0.01253541
0.0 0.0 0.0 0.0 0.01251137
0.0 0.0 0.0 0.0 0.01251115
0.0 0.0 0.0 0.0 0.01262654
0.0 0.0 0.0 0.0 0.01258067
0.0 0.0 0.0 0.0 0.01258763
0.0 0.0 0.0 0.0 0.01261690
0.0 0.0 0.0 0.0 0.01258716
0.0 0.0 0.0 0.0 0.01253003
0.0 0.0 0.0 0.0 0.01254674
0.0 0.0 0.0 0.0 0.01261571
0.0 0.0 0.0 0.0 0.01271831
0.0 0.0 0.0 0.0 0.01260588
0.0 0.0 0.0 0.0 0.01256889
0.0 0.0 0.0 0.0 0.01254109
0.0 0.0 0.0 0.0 0.01257741
0.0 0.0 0.0 0.0 0.01255645
0.4 0.0 0.0 0.0 0.01258749
0.19999999999999996 0.0 0.0 0.0 0.01250931
0.4 0.0 0.0 0.0 0.01261274
0.4 0.0 0.0 0.0 0.01264821
0.0 0.0 0.0 0.0 0.01253750
0.0 0.0 0.0 0.0 0.01272766
0.0 0.0 0.0 0.0 0.01257547
0.0 0.0 0.0 0.0 0.01255961
0.0 0.0 0.0 0.0 0.01249322
0.0 0.0 0.0 0.0 0.01251164
0.0 0.0 0.0 0.0 0.01257333
0.0 0.0 0.0 0.0 0.01252266
0.0 0.0 0.0 0.0 0.01254415
0.0 0.0 0.0 0.0 0.01247878
0.0 0.0 0.0 0.0 0.01252901
0.0 0.0 0.0 0.0 0.01253571
0.0 0.0 0.0 0.0 0.01249610
0.0 0.0 0.0 0.0 0.01258870
0.0 0.0 0.0 0.0 0.01266036
0.0 0.0 0.0 0.0 0.01258097
0.0 0.0 0.0 0.0 0.01255786
0.0 0.0 0.0 0.0 0.01258330
0.0 0.0 0.0 0.0 0.01253231
0.0 0.0 0.0 0.0 0.01249179
0.0 0.0 0.0 0.0 0.01252657
0.0 0.0 0.0 0.0 0.01258152
0.0 0.0 0.0 0.0 0.01258551
0.0 0.0 0.0 0.0 0.01260003
0.0 0.0 0.0 0.0 0.01261848
0.0 0.0 0.0 0.0 0.01258191
0.0 0.0 0.0 0.0 0.01255215
0.0 0.0 0.0 0.0 0.01255232
0.0 0.0 0.0 0.0 0.01252395
0.0 0.0 0.0 0.0 0.01261293
0.0 0.0 0.0 0.0 0.01258951
0.0 0.0 0.0 0.0 0.01265684
0.0 0.0 0.0 0.0 0.01257710
0.0 0.0 0.0 0.0 0.01251981
0.0 0.0 0.0 0.0 0.01254299
0.0 0.0 0.0 0.0 0.01252915
0.0 0.0 0.0 0.0 0.01259241
0.0 0.0 0.0 0.0 0.01249837
0.0 0.0 0.0 0.0 0.01249072
0.0 0.0 0.0 0.0 0.01250541
0.0 0.0 0.0 0.0 0.01255414
0.0 0.0 0.0 0.0 0.01246633
0.0 0.0 0.0 0.0 0.01252505
0.0 0.0 0.0 0.0 0.01254797
0.0 0.0 0.0 0.0 0.01260894
0.0 0.0 0.0 0.0 0.01258483
0.0 0.0 0.0 0.0 0.01256030
0.0 0.0 0.0 0.0 0.01256741
0.0 0.0 0.0 0.0 0.01253669
0.0 0.0 0.0 0.0 0.01257508
0.0 0.0 0.0 0.0 0.01255973
0.0 0.0 0.0 0.0 0.01251610
0.0 0.0 0.0 0.0 0.01256537
0.0 0.0 0.0 0.0 0.01255470
0.0 0.0 0.0 0.0 0.01256645
0.0 0.0 0.0 0.0 0.01250834
0.0 0.0 0.0 0.0 0.01251432
0.0 0.0 0.0 0.0 0.01253460
0.0 0.0 0.0 0.0 0.01250506
0.0 0.0 0.0 0.0 0.01257801
0.0 0.0 0.0 0.0 0.01257080
0.0 0.0 0.0 0.0 0.01267481
0.0 0.0 0.0 0.0 0.01262344
0.0 0.0 0.0 0.0 0.01256636
0.0 0.0 0.0 0.0 0.01253316
0.0 0.0 0.0 0.0 0.01262541
0.0 0.0 0.0 0.0 0.01255111
0.0 0.0 0.0 0.0 0.01253006
0.0 0.0 0.0 0.0 0.01251282
0.0 0.0 0.0 0.0 0.01254603
0.0 0.0 0.0 0.0 0.01253581
0.0 0.0 0.0 0.0 0.01250899
0.0 0.0 0.0 0.0 0.01245128
0.0 0.0 0.0 0.0 0.01250509
0.0 0.0 0.0 0.0 0.01256994
0.0 0.0 0.0 0.0 0.01254706
0.4 0.0 0.0 0.0 0.01251494
0.19999999999999996 0.0 0.0 0.0 0.01251480
0.4 0.0 0.0 0.0 0.01260904
0.4 0.0 0.0 0.0 0.01254573
0.0 0.0 0.0 0.0 0.01253867
0.0 0.0 0.0 0.0 0.01260936
0.0 0.0 0.0 0.0 0.01252854
0.0 0.0 0.0 0.0 0.01253187
0.0 0.0 0.0 0.0 0.01252178
0.0 0.0 0.0 0.0 0.01267492
0.0 0.0 0.0 0.0 0.01254842
0.0 0.0 0.0 0.0 0.01255350
0.0 0.0 0.0 0.0 0.01258669
0.0 0.0 0.0 0.0 0.01257422
0.0 0.0 0.0 0.0 0.01250115
0.0 0.0 0.0 0.0 0.01255205
0.0 0.0 0.0 0.0 0.01257329
0.0 0.0 0.0 0.0 0.01260866
0.0 0.0 0.0 0.0 0.01258472
0.0 0.0 0.0 0.0 0.01262688
0.0 0.0 0.0 0.0 0.01263282
0.0 0.0 0.0 0.0 0.01263868
0.0 0.0 0.0 0.0 0.01264134
0.0 0.0 0.0 0.0 0.01256159
0.0 0.0 0.0 0.0 0.01258316
0.0 0.0 0.0 0.0 0.01257450
0.0 0.0 0.0 0.0 0.01260102
0.0 0.0 0.0 0.0 0.01247567
0.0 0.0 0.0 0.0 0.01254807
0.0 0.0 0.0 0.0 0.01245481
0.0 0.0 0.0 0.0 0.01252444
0.0 0.0 0.0 0.0 0.01248451
0.0 0.0 0.0 0.0 0.01254447
0.0 0.0 0.0 0.0 0.01253603
0.0 0.0 0.0 0.0 0.01262642
0.0 0.0 0.0 0.0 0.01256908
0.0 0.0 0.0 0.0 0.01250432
0.0 0.0 0.0 0.0 0.01279167
0.0 0.0 0.0 0.0 0.01248677
0.0 0.0 0.0 0.0 0.01251340
0.0 0.0 0.0 0.0 0.01257503
0.0 0.0 0.0 0.0 0.01256233
0.0 0.0 0.0 0.0 0.01266180
0.0 0.0 0.0 0.0 0.01253965
0.0 0.0 0.0 0.0 0.01256085
0.0 0.0 0.0 0.0 0.01248757
0.0 0.0 0.0 0.0 0.01257282
0.0 0.0 0.0 0.0 0.01245527
0.0 0.0 0.0 0.0 0.01266727
0.0 0.0 0.0 0.0 0.01269491
0.0 0.0 0.0 0.0 0.01259451
0.0 0.0 0.0 0.0 0.01262372
0.0 0.0 0.0 0.0 0.01246903
0.0 0.0 0.0 0.0 0.01258483
0.0 0.0 0.0 0.0 0.01251000
0.0 0.0 0.0 0.0 0.01256282
0.0 0.0 0.0 0.0 0.01261418
0.0 0.0 0.0 0.0 0.01261031
0.0 0.0 0.0 0.0 0.01260560
0.0 0.0 0.0 0.0 0.01259565
0.0 0.0 0.0 0.0 0.01260979
0.0 0.0 0.0 0.0 0.01255030
0.0 0.0 0.0 0.0 0.01261637
0.0 0.0 0.0 0.0 0.01255043
0.0 0.0 0.0 0.0 0.01261765
0.0 0.0 0.0 0.0 0.01260895
0.0 0.0 0.0 0.0 0.01254378
0.0 0.0 0.0 0.0 0.01256333
0.0 0.0 0.0 0.0 0.01257679
0.0 0.0 0.0 0.0 0.01261666
0.0 0.0 0.0 0.0 0.01258046
0.0 0.0 0.0 0.0 0.01259981
0.0 0.0 0.0 0.0 0.01258573
0.0 0.0 0.0 0.0 0.01258035
0.0 0.0 0.0 0.0 0.01259021
0.0 0.0 0.0 0.0 0.01256203
0.0 0.0 0.0 0.0 0.01264547
0.0 0.0 0.0 0.0 0.01262983
0.0 0.0 0.0 0.0 0.01259802
0.0 0.0 0.0 0.0 0.01258438
0.4 0.0 0.0 0.0 0.01258192
0.19999999999999996 0.0 0.0 0.0 0.01264855
0.4 0.0 0.0 0.0 0.01257292
0.4 0.0 0.0 0.0 0.01259438
0.0 0.0 0.0 0.0 0.01260772
