Recency Frequency Monetary Time Runtime
-0.006108475178620102 0.013731582801942161 0.013731582801942161 -0.0034694175850061293 0.05738676
-0.0028037624330454576 0.008223728225984403 0.008223728225984403 0.004241578821334746 0.05685785
-0.006108475178620102 0.013731582801942161 0.013731582801942161 -0.0034694175850061293 0.05663395
-0.006108475178620102 0.013731582801942161 0.013731582801942161 -0.0034694175850061293 0.05648673
-0.0037992997842078713 0.007228190874821988 0.007228190874821988 0.007228190874821988 0.05675881
-0.006108475178620102 0.013731582801942161 0.013731582801942161 -0.0034694175850061293 0.05675845
-0.0028037624330454576 0.008223728225984403 0.008223728225984403 0.004241578821334746 0.05671709
-0.006108475178620102 0.013731582801942161 0.013731582801942161 -0.0034694175850061293 0.05672195
-0.006108475178620102 0.013731582801942161 0.013731582801942161 -0.0034694175850061293 0.05700101
-0.0037992997842078713 0.007228190874821988 0.007228190874821988 0.007228190874821988 0.05687300
-0.006108475178620102 0.013731582801942161 0.013731582801942161 -0.0034694175850061293 0.05696764
-0.0028037624330454576 0.008223728225984403 0.008223728225984403 0.004241578821334746 0.05685963
-0.006108475178620102 0.013731582801942161 0.013731582801942161 -0.0034694175850061293 0.05676699
-0.006108475178620102 0.013731582801942161 0.013731582801942161 -0.0034694175850061293 0.05671646
-0.0037992997842078713 0.007228190874821988 0.007228190874821988 0.007228190874821988 0.05654267
-0.021658215146931212 0.09880906503996617 -0.04598483542975977 -0.013280741623017095 0.05649914
-0.003981844647345882 0.03102402686329539 -0.027539927082366366 0.01838301770667495 0.05644016
-0.021658215146931212 0.09880906503996617 -0.04598483542975977 -0.013280741623017095 0.05635012
-0.021658215146931212 0.09880906503996617 -0.04598483542975977 -0.013280741623017095 0.05645053
-0.009306811874493687 0.025699059636147582 -0.024206034557543388 0.025699059636147582 0.05643840
-0.006108475178620102 0.013731582801942161 0.013731582801942161 -0.0034694175850061293 0.05646308
-0.0028037624330454576 0.008223728225984403 0.008223728225984403 0.004241578821334746 0.05642181
-0.006108475178620102 0.013731582801942161 0.013731582801942161 -0.0034694175850061293 0.05650659
-0.006108475178620102 0.013731582801942161 0.013731582801942161 -0.0034694175850061293 0.05665772
-0.0037992997842078713 0.007228190874821988 0.007228190874821988 0.007228190874821988 0.05638638
-0.006108475178620102 0.013731582801942161 0.013731582801942161 -0.0034694175850061293 0.05629256
-0.0028037624330454576 0.008223728225984403 0.008223728225984403 0.004241578821334746 0.05648478
-0.006108475178620102 0.013731582801942161 0.013731582801942161 -0.0034694175850061293 0.05661851
-0.006108475178620102 0.013731582801942161 0.013731582801942161 -0.0034694175850061293 0.05660378
-0.0037992997842078713 0.007228190874821988 0.007228190874821988 0.007228190874821988 0.05662204
-0.006108475178620102 0.013731582801942161 0.013731582801942161 -0.0034694175850061293 0.05646099
-0.0028037624330454576 0.008223728225984403 0.008223728225984403 0.004241578821334746 0.05648261
-0.006108475178620102 0.013731582801942161 0.013731582801942161 -0.0034694175850061293 0.05669296
-0.006108475178620102 0.013731582801942161 0.013731582801942161 -0.0034694175850061293 0.05632586
-0.0037992997842078713 0.007228190874821988 0.007228190874821988 0.007228190874821988 0.05638507
-0.021658215146931212 0.09880906503996617 -0.04598483542975977 -0.013280741623017095 0.05663434
-0.003981844647345882 0.03102402686329539 -0.027539927082366366 0.01838301770667495 0.05654353
-0.021658215146931212 0.09880906503996617 -0.04598483542975977 -0.013280741623017095 0.05641948
-0.021658215146931212 0.09880906503996617 -0.04598483542975977 -0.013280741623017095 0.05660271
-0.009306811874493687 0.025699059636147582 -0.024206034557543388 0.025699059636147582 0.05649552
-0.006108475178620102 0.013731582801942161 0.013731582801942161 -0.0034694175850061293 0.05657162
-0.0028037624330454576 0.008223728225984403 0.008223728225984403 0.004241578821334746 0.05651254
-0.006108475178620102 0.013731582801942161 0.013731582801942161 -0.0034694175850061293 0.05638768
-0.006108475178620102 0.013731582801942161 0.013731582801942161 -0.0034694175850061293 0.05637583
-0.0037992997842078713 0.007228190874821988 0.007228190874821988 0.007228190874821988 0.05656514
-0.006108475178620102 0.013731582801942161 0.013731582801942161 -0.0034694175850061293 0.05629145
-0.0028037624330454576 0.008223728225984403 0.008223728225984403 0.004241578821334746 0.05662292
-0.006108475178620102 0.013731582801942161 0.013731582801942161 -0.0034694175850061293 0.05670349
-0.006108475178620102 0.013731582801942161 0.013731582801942161 -0.0034694175850061293 0.05648704
-0.0037992997842078713 0.007228190874821988 0.007228190874821988 0.007228190874821988 0.05661731
-0.006108475178620102 0.013731582801942161 0.013731582801942161 -0.0034694175850061293 0.05656731
-0.0028037624330454576 0.008223728225984403 0.008223728225984403 0.004241578821334746 0.05636622
-0.006108475178620102 0.013731582801942161 0.013731582801942161 -0.0034694175850061293 0.05641470
-0.006108475178620102 0.013731582801942161 0.013731582801942161 -0.0034694175850061293 0.05647301
-0.0037992997842078713 0.007228190874821988 0.007228190874821988 0.007228190874821988 0.05640899
-0.021658215146931212 0.09880906503996617 -0.04598483542975977 -0.013280741623017095 0.05649554
-0.003981844647345882 0.03102402686329539 -0.027539927082366366 0.01838301770667495 0.05640806
-0.021658215146931212 0.09880906503996617 -0.04598483542975977 -0.013280741623017095 0.05653563
-0.021658215146931212 0.09880906503996617 -0.04598483542975977 -0.013280741623017095 0.05651355
-0.009306811874493687 0.025699059636147582 -0.024206034557543388 0.025699059636147582 0.05647883
-0.021658215146931212 -0.04598483542975977 0.09880906503996617 -0.013280741623017095 0.05661255
-0.003981844647345882 -0.027539927082366366 0.03102402686329539 0.01838301770667495 0.05627743
-0.021658215146931212 -0.04598483542975977 0.09880906503996617 -0.013280741623017095 0.05633646
-0.021658215146931212 -0.04598483542975977 0.09880906503996617 -0.013280741623017095 0.05629885
-0.009306811874493687 -0.024206034557543388 0.025699059636147582 0.025699059636147582 0.05642522
-0.021658215146931212 -0.04598483542975977 0.09880906503996617 -0.013280741623017095 0.05645571
-0.003981844647345882 -0.027539927082366366 0.03102402686329539 0.01838301770667495 0.05633902
-0.021658215146931212 -0.04598483542975977 0.09880906503996617 -0.013280741623017095 0.05652157
-0.021658215146931212 -0.04598483542975977 0.09880906503996617 -0.013280741623017095 0.05635520
-0.009306811874493687 -0.024206034557543388 0.025699059636147582 0.025699059636147582 0.05654661
-0.021658215146931212 -0.04598483542975977 0.09880906503996617 -0.013280741623017095 0.05647696
-0.003981844647345882 -0.027539927082366366 0.03102402686329539 0.01838301770667495 0.05664361
-0.021658215146931212 -0.04598483542975977 0.09880906503996617 -0.013280741623017095 0.05630983
-0.021658215146931212 -0.04598483542975977 0.09880906503996617 -0.013280741623017095 0.05636550
-0.009306811874493687 -0.024206034557543388 0.025699059636147582 0.025699059636147582 0.05659682
0.02737275684868761 -0.10389441554219855 -0.10389441554219855 0.1983013470759676 0.05644230
-0.03876559747369693 -0.08606196715361053 -0.08606196715361053 0.22877480462117608 0.05662484
-0.008476558108604074 0.014520943778603485 0.014520943778603485 -0.002680056608344805 0.05655145
-0.009578129023795632 0.01341937286341193 0.01341937286341193 0.0006246561372298676 0.05642106
-0.008476558108604074 0.014520943778603485 0.014520943778603485 -0.002680056608344805 0.05622495
-0.008476558108604074 0.014520943778603485 0.014520943778603485 -0.002680056608344805 0.05636323
-0.006167382714191844 0.008017551851483312 0.008017551851483312 0.008017551851483312 0.05638498
-0.008476558108604074 0.014520943778603485 0.014520943778603485 -0.002680056608344805 0.05652372
-0.009578129023795632 0.01341937286341193 0.01341937286341193 0.0006246561372298676 0.05647920
-0.008476558108604074 0.014520943778603485 0.014520943778603485 -0.002680056608344805 0.05650085
-0.008476558108604074 0.014520943778603485 0.014520943778603485 -0.002680056608344805 0.05621742
-0.006167382714191844 0.008017551851483312 0.008017551851483312 0.008017551851483312 0.05648503
-0.008476558108604074 0.014520943778603485 0.014520943778603485 -0.002680056608344805 0.05646556
-0.009578129023795632 0.01341937286341193 0.01341937286341193 0.0006246561372298676 0.05645729
-0.008476558108604074 0.014520943778603485 0.014520943778603485 -0.002680056608344805 0.05653211
-0.008476558108604074 0.014520943778603485 0.014520943778603485 -0.002680056608344805 0.05642454
-0.006167382714191844 0.008017551851483312 0.008017551851483312 0.008017551851483312 0.05623327
-0.027459100463791176 0.10303122840350348 -0.04862827683997444 -0.009058578259479783 0.05640159
-0.033351223963652976 0.0971391049036417 -0.04493929517049576 -0.0009633129292348683 0.05644965
-0.027459100463791176 0.10303122840350348 -0.04862827683997444 -0.009058578259479783 0.05638426
-0.027459100463791176 0.10303122840350348 -0.04862827683997444 -0.009058578259479783 0.05668512
-0.015107697191353648 0.029921222999684895 -0.026849475967758052 0.029921222999684895 0.05643031
-0.008476558108604074 0.014520943778603485 0.014520943778603485 -0.002680056608344805 0.05642133
-0.009578129023795632 0.01341937286341193 0.01341937286341193 0.0006246561372298676 0.05663413
-0.008476558108604074 0.014520943778603485 0.014520943778603485 -0.002680056608344805 0.05631538
-0.008476558108604074 0.014520943778603485 0.014520943778603485 -0.002680056608344805 0.05641463
-0.006167382714191844 0.008017551851483312 0.008017551851483312 0.008017551851483312 0.05643233
-0.008476558108604074 0.014520943778603485 0.014520943778603485 -0.002680056608344805 0.05619939
-0.009578129023795632 0.01341937286341193 0.01341937286341193 0.0006246561372298676 0.05628888
-0.008476558108604074 0.014520943778603485 0.014520943778603485 -0.002680056608344805 0.05657428
-0.008476558108604074 0.014520943778603485 0.014520943778603485 -0.002680056608344805 0.05646812
-0.006167382714191844 0.008017551851483312 0.008017551851483312 0.008017551851483312 0.05639251
-0.008476558108604074 0.014520943778603485 0.014520943778603485 -0.002680056608344805 0.05646923
-0.009578129023795632 0.01341937286341193 0.01341937286341193 0.0006246561372298676 0.05647440
-0.008476558108604074 0.014520943778603485 0.014520943778603485 -0.002680056608344805 0.05646523
-0.008476558108604074 0.014520943778603485 0.014520943778603485 -0.002680056608344805 0.05612098
-0.006167382714191844 0.008017551851483312 0.008017551851483312 0.008017551851483312 0.05621228
-0.027459100463791176 0.10303122840350348 -0.04862827683997444 -0.009058578259479783 0.05626870
-0.033351223963652976 0.0971391049036417 -0.04493929517049576 -0.0009633129292348683 0.05624099
-0.027459100463791176 0.10303122840350348 -0.04862827683997444 -0.009058578259479783 0.05637585
-0.027459100463791176 0.10303122840350348 -0.04862827683997444 -0.009058578259479783 0.05647628
-0.015107697191353648 0.029921222999684895 -0.026849475967758052 0.029921222999684895 0.05640116
-0.008476558108604074 0.014520943778603485 0.014520943778603485 -0.002680056608344805 0.05649502
-0.009578129023795632 0.01341937286341193 0.01341937286341193 0.0006246561372298676 0.05646219
-0.008476558108604074 0.014520943778603485 0.014520943778603485 -0.002680056608344805 0.05646289
-0.008476558108604074 0.014520943778603485 0.014520943778603485 -0.002680056608344805 0.05665873
-0.006167382714191844 0.008017551851483312 0.008017551851483312 0.008017551851483312 0.05641387
-0.008476558108604074 0.014520943778603485 0.014520943778603485 -0.002680056608344805 0.05648067
-0.009578129023795632 0.01341937286341193 0.01341937286341193 0.0006246561372298676 0.05655658
-0.008476558108604074 0.014520943778603485 0.014520943778603485 -0.002680056608344805 0.05665092
-0.008476558108604074 0.014520943778603485 0.014520943778603485 -0.002680056608344805 0.05656347
-0.006167382714191844 0.008017551851483312 0.008017551851483312 0.008017551851483312 0.05659881
-0.008476558108604074 0.014520943778603485 0.014520943778603485 -0.002680056608344805 0.05645780
-0.009578129023795632 0.01341937286341193 0.01341937286341193 0.0006246561372298676 0.05649134
-0.008476558108604074 0.014520943778603485 0.014520943778603485 -0.002680056608344805 0.05640067
-0.008476558108604074 0.014520943778603485 0.014520943778603485 -0.002680056608344805 0.05640509
-0.006167382714191844 0.008017551851483312 0.008017551851483312 0.008017551851483312 0.05659586
-0.027459100463791176 0.10303122840350348 -0.04862827683997444 -0.009058578259479783 0.05655963
-0.033351223963652976 0.0971391049036417 -0.04493929517049576 -0.0009633129292348683 0.05648273
-0.027459100463791176 0.10303122840350348 -0.04862827683997444 -0.009058578259479783 0.05639212
-0.027459100463791176 0.10303122840350348 -0.04862827683997444 -0.009058578259479783 0.05639532
-0.015107697191353648 0.029921222999684895 -0.026849475967758052 0.029921222999684895 0.05637863
-0.027459100463791176 -0.04862827683997444 0.10303122840350348 -0.009058578259479783 0.05664798
-0.033351223963652976 -0.04493929517049576 0.0971391049036417 -0.0009633129292348683 0.05657354
-0.027459100463791176 -0.04862827683997444 0.10303122840350348 -0.009058578259479783 0.05666523
-0.027459100463791176 -0.04862827683997444 0.10303122840350348 -0.009058578259479783 0.05677701
-0.015107697191353648 -0.026849475967758052 0.029921222999684895 0.029921222999684895 0.05642953
-0.027459100463791176 -0.04862827683997444 0.10303122840350348 -0.009058578259479783 0.05661622
-0.033351223963652976 -0.04493929517049576 0.0971391049036417 -0.0009633129292348683 0.05658718
-0.027459100463791176 -0.04862827683997444 0.10303122840350348 -0.009058578259479783 0.05645447
-0.027459100463791176 -0.04862827683997444 0.10303122840350348 -0.009058578259479783 0.05638761
-0.015107697191353648 -0.026849475967758052 0.029921222999684895 0.029921222999684895 0.05646369
-0.027459100463791176 -0.04862827683997444 0.10303122840350348 -0.009058578259479783 0.05648765
-0.033351223963652976 -0.04493929517049576 0.0971391049036417 -0.0009633129292348683 0.05651448
-0.027459100463791176 -0.04862827683997444 0.10303122840350348 -0.009058578259479783 0.05654268
-0.027459100463791176 -0.04862827683997444 0.10303122840350348 -0.009058578259479783 0.05639548
-0.015107697191353648 -0.026849475967758052 0.029921222999684895 0.029921222999684895 0.05641798
-0.06292798392966104 -0.10020130492917736 -0.10020130492917736 0.28121586662827386 0.05634680
0.0065684264764184945 0.0065684264764184945 0.0065684264764184945 -0.0018200065889973915 0.05656660
0.005466855561226937 0.005466855561226937 0.005466855561226937 0.0014847061565772812 0.05643616
0.0065684264764184945 0.0065684264764184945 0.0065684264764184945 -0.0018200065889973915 0.05678716
0.0065684264764184945 0.0065684264764184945 0.0065684264764184945 -0.0018200065889973915 0.05653601
0.004471318210064523 0.004471318210064523 0.004471318210064523 0.004471318210064523 0.05659482
0.0065684264764184945 0.0065684264764184945 0.0065684264764184945 -0.0018200065889973915 0.05635650
0.005466855561226937 0.005466855561226937 0.005466855561226937 0.0014847061565772812 0.05645780
0.0065684264764184945 0.0065684264764184945 0.0065684264764184945 -0.0018200065889973915 0.05648996
0.0065684264764184945 0.0065684264764184945 0.0065684264764184945 -0.0018200065889973915 0.05653607
0.004471318210064523 0.004471318210064523 0.004471318210064523 0.004471318210064523 0.05646949
0.0065684264764184945 0.0065684264764184945 0.0065684264764184945 -0.0018200065889973915 0.05669406
0.005466855561226937 0.005466855561226937 0.005466855561226937 0.0014847061565772812 0.05678217
0.0065684264764184945 0.0065684264764184945 0.0065684264764184945 -0.0018200065889973915 0.05655217
0.0065684264764184945 0.0065684264764184945 0.0065684264764184945 -0.0018200065889973915 0.05674995
0.004471318210064523 0.004471318210064523 0.004471318210064523 0.004471318210064523 0.05659137
0.022170087272594015 0.022170087272594015 -0.021996590990796806 -0.004458310714133135 0.05663687
0.016277963772732218 0.016277963772732218 -0.018307609321318124 0.0036369546161117796 0.05644329
0.022170087272594015 0.022170087272594015 -0.021996590990796806 -0.004458310714133135 0.05640074
0.022170087272594015 0.022170087272594015 -0.021996590990796806 -0.004458310714133135 0.05662617
0.010952996545584412 0.010952996545584412 -0.014973716796495146 0.010952996545584412 0.05676369
0.0065684264764184945 0.0065684264764184945 0.0065684264764184945 -0.0018200065889973915 0.05640712
0.005466855561226937 0.005466855561226937 0.005466855561226937 0.0014847061565772812 0.05667516
0.0065684264764184945 0.0065684264764184945 0.0065684264764184945 -0.0018200065889973915 0.05646680
0.0065684264764184945 0.0065684264764184945 0.0065684264764184945 -0.0018200065889973915 0.05667523
0.004471318210064523 0.004471318210064523 0.004471318210064523 0.004471318210064523 0.05642272
0.0065684264764184945 0.0065684264764184945 0.0065684264764184945 -0.0018200065889973915 0.05641643
0.005466855561226937 0.005466855561226937 0.005466855561226937 0.0014847061565772812 0.05657969
0.0065684264764184945 0.0065684264764184945 0.0065684264764184945 -0.0018200065889973915 0.05657058
0.0065684264764184945 0.0065684264764184945 0.0065684264764184945 -0.0018200065889973915 0.05647049
0.004471318210064523 0.004471318210064523 0.004471318210064523 0.004471318210064523 0.05639135
0.0065684264764184945 0.0065684264764184945 0.0065684264764184945 -0.0018200065889973915 0.05640312
0.005466855561226937 0.005466855561226937 0.005466855561226937 0.0014847061565772812 0.05646787
0.0065684264764184945 0.0065684264764184945 0.0065684264764184945 -0.0018200065889973915 0.05658913
0.0065684264764184945 0.0065684264764184945 0.0065684264764184945 -0.0018200065889973915 0.05644100
0.004471318210064523 0.004471318210064523 0.004471318210064523 0.004471318210064523 0.05641074
0.022170087272594015 0.022170087272594015 -0.021996590990796806 -0.004458310714133135 0.05639946
0.016277963772732218 0.016277963772732218 -0.018307609321318124 0.0036369546161117796 0.05631629
0.022170087272594015 0.022170087272594015 -0.021996590990796806 -0.004458310714133135 0.05645593
0.022170087272594015 0.022170087272594015 -0.021996590990796806 -0.004458310714133135 0.05659937
0.010952996545584412 0.010952996545584412 -0.014973716796495146 0.010952996545584412 0.05647729
0.0065684264764184945 0.0065684264764184945 0.0065684264764184945 -0.0018200065889973915 0.05647158
0.005466855561226937 0.005466855561226937 0.005466855561226937 0.0014847061565772812 0.05646764
0.0065684264764184945 0.0065684264764184945 0.0065684264764184945 -0.0018200065889973915 0.05622233
0.0065684264764184945 0.0065684264764184945 0.0065684264764184945 -0.0018200065889973915 0.05651404
0.004471318210064523 0.004471318210064523 0.004471318210064523 0.004471318210064523 0.05640779
0.0065684264764184945 0.0065684264764184945 0.0065684264764184945 -0.0018200065889973915 0.05641921
0.005466855561226937 0.005466855561226937 0.005466855561226937 0.0014847061565772812 0.05636451
0.0065684264764184945 0.0065684264764184945 0.0065684264764184945 -0.0018200065889973915 0.05647934
0.0065684264764184945 0.0065684264764184945 0.0065684264764184945 -0.0018200065889973915 0.05639124
0.004471318210064523 0.004471318210064523 0.004471318210064523 0.004471318210064523 0.05660989
0.0065684264764184945 0.0065684264764184945 0.0065684264764184945 -0.0018200065889973915 0.05669240
0.005466855561226937 0.005466855561226937 0.005466855561226937 0.0014847061565772812 0.05664178
0.0065684264764184945 0.0065684264764184945 0.0065684264764184945 -0.0018200065889973915 0.05626826
0.0065684264764184945 0.0065684264764184945 0.0065684264764184945 -0.0018200065889973915 0.05629639
0.004471318210064523 0.004471318210064523 0.004471318210064523 0.004471318210064523 0.05623899
0.022170087272594015 0.022170087272594015 -0.021996590990796806 -0.004458310714133135 0.05642547
0.016277963772732218 0.016277963772732218 -0.018307609321318124 0.0036369546161117796 0.05645276
0.022170087272594015 0.022170087272594015 -0.021996590990796806 -0.004458310714133135 0.05656403
0.022170087272594015 0.022170087272594015 -0.021996590990796806 -0.004458310714133135 0.05651891
0.010952996545584412 0.010952996545584412 -0.014973716796495146 0.010952996545584412 0.05648996
0.022170087272594015 -0.021996590990796806 0.022170087272594015 -0.004458310714133135 0.05644498
0.016277963772732218 -0.018307609321318124 0.016277963772732218 0.0036369546161117796 0.05641775
0.022170087272594015 -0.021996590990796806 0.022170087272594015 -0.004458310714133135 0.05643078
0.022170087272594015 -0.021996590990796806 0.022170087272594015 -0.004458310714133135 0.05628243
0.010952996545584412 -0.014973716796495146 0.010952996545584412 0.010952996545584412 0.05639120
0.022170087272594015 -0.021996590990796806 0.022170087272594015 -0.004458310714133135 0.05621333
0.016277963772732218 -0.018307609321318124 0.016277963772732218 0.0036369546161117796 0.05638763
0.022170087272594015 -0.021996590990796806 0.022170087272594015 -0.004458310714133135 0.05646474
0.022170087272594015 -0.021996590990796806 0.022170087272594015 -0.004458310714133135 0.05625294
0.010952996545584412 -0.014973716796495146 0.010952996545584412 0.010952996545584412 0.05647685
0.022170087272594015 -0.021996590990796806 0.022170087272594015 -0.004458310714133135 0.05618786
0.016277963772732218 -0.018307609321318124 0.016277963772732218 0.0036369546161117796 0.05638738
0.022170087272594015 -0.021996590990796806 0.022170087272594015 -0.004458310714133135 0.05634327
0.022170087272594015 -0.021996590990796806 0.022170087272594015 -0.004458310714133135 0.05623583
0.010952996545584412 -0.014973716796495146 0.010952996545584412 0.010952996545584412 0.05644527
0.18494346921225852 -0.07424401319194271 -0.07424401319194271 -0.018570169988115004 0.05656441
0.1117607931277265 -0.05451225077380094 -0.05451225077380094 0.015148981260133483 0.05637078
0.18494346921225852 -0.07424401319194271 -0.07424401319194271 -0.018570169988115004 0.05646656
0.18494346921225852 -0.07424401319194271 -0.07424401319194271 -0.018570169988115004 0.05644257
0.045622438805341954 -0.03667980238521291 -0.03667980238521291 0.045622438805341954 0.05675810
0.0065684264764184945 0.0065684264764184945 0.0065684264764184945 -0.0018200065889973915 0.05651669
0.005466855561226937 0.005466855561226937 0.005466855561226937 0.0014847061565772812 0.05634448
0.0065684264764184945 0.0065684264764184945 0.0065684264764184945 -0.0018200065889973915 0.05636186
0.0065684264764184945 0.0065684264764184945 0.0065684264764184945 -0.0018200065889973915 0.05652139
0.004471318210064523 0.004471318210064523 0.004471318210064523 0.004471318210064523 0.05640771
0.0065684264764184945 0.0065684264764184945 0.0065684264764184945 -0.0018200065889973915 0.05631645
0.005466855561226937 0.005466855561226937 0.005466855561226937 0.0014847061565772812 0.05649030
0.0065684264764184945 0.0065684264764184945 0.0065684264764184945 -0.0018200065889973915 0.05630940
0.0065684264764184945 0.0065684264764184945 0.0065684264764184945 -0.0018200065889973915 0.05629230
0.004471318210064523 0.004471318210064523 0.004471318210064523 0.004471318210064523 0.05633605
0.0065684264764184945 0.0065684264764184945 0.0065684264764184945 -0.0018200065889973915 0.05651215
0.005466855561226937 0.005466855561226937 0.005466855561226937 0.0014847061565772812 0.05629611
0.0065684264764184945 0.0065684264764184945 0.0065684264764184945 -0.0018200065889973915 0.05637337
0.0065684264764184945 0.0065684264764184945 0.0065684264764184945 -0.0018200065889973915 0.05617153
0.004471318210064523 0.004471318210064523 0.004471318210064523 0.004471318210064523 0.05638483
0.022170087272594015 0.022170087272594015 -0.021996590990796806 -0.004458310714133135 0.05646147
0.016277963772732218 0.016277963772732218 -0.018307609321318124 0.0036369546161117796 0.05637098
0.022170087272594015 0.022170087272594015 -0.021996590990796806 -0.004458310714133135 0.05645143
0.022170087272594015 0.022170087272594015 -0.021996590990796806 -0.004458310714133135 0.05668077
0.010952996545584412 0.010952996545584412 -0.014973716796495146 0.010952996545584412 0.05645669
0.0065684264764184945 0.0065684264764184945 0.0065684264764184945 -0.0018200065889973915 0.05652947
0.005466855561226937 0.005466855561226937 0.005466855561226937 0.0014847061565772812 0.05641005
0.0065684264764184945 0.0065684264764184945 0.0065684264764184945 -0.0018200065889973915 0.05637615
0.0065684264764184945 0.0065684264764184945 0.0065684264764184945 -0.0018200065889973915 0.05652078
0.004471318210064523 0.004471318210064523 0.004471318210064523 0.004471318210064523 0.05648022
0.0065684264764184945 0.0065684264764184945 0.0065684264764184945 -0.0018200065889973915 0.05644018
0.005466855561226937 0.005466855561226937 0.005466855561226937 0.0014847061565772812 0.05634947
0.0065684264764184945 0.0065684264764184945 0.0065684264764184945 -0.0018200065889973915 0.05651622
0.0065684264764184945 0.0065684264764184945 0.0065684264764184945 -0.0018200065889973915 0.05678530
0.004471318210064523 0.004471318210064523 0.004471318210064523 0.004471318210064523 0.05660636
0.0065684264764184945 0.0065684264764184945 0.0065684264764184945 -0.0018200065889973915 0.05650401
0.005466855561226937 0.005466855561226937 0.005466855561226937 0.0014847061565772812 0.05660363
0.0065684264764184945 0.0065684264764184945 0.0065684264764184945 -0.0018200065889973915 0.05642483
0.0065684264764184945 0.0065684264764184945 0.0065684264764184945 -0.0018200065889973915 0.05644867
0.004471318210064523 0.004471318210064523 0.004471318210064523 0.004471318210064523 0.05646263
0.022170087272594015 0.022170087272594015 -0.021996590990796806 -0.004458310714133135 0.05644865
0.016277963772732218 0.016277963772732218 -0.018307609321318124 0.0036369546161117796 0.05629081
0.022170087272594015 0.022170087272594015 -0.021996590990796806 -0.004458310714133135 0.05640009
0.022170087272594015 0.022170087272594015 -0.021996590990796806 -0.004458310714133135 0.05639609
0.010952996545584412 0.010952996545584412 -0.014973716796495146 0.010952996545584412 0.05630392
0.0065684264764184945 0.0065684264764184945 0.0065684264764184945 -0.0018200065889973915 0.05635933
0.005466855561226937 0.005466855561226937 0.005466855561226937 0.0014847061565772812 0.05642489
0.0065684264764184945 0.0065684264764184945 0.0065684264764184945 -0.0018200065889973915 0.05644902
0.0065684264764184945 0.0065684264764184945 0.0065684264764184945 -0.0018200065889973915 0.05643727
0.004471318210064523 0.004471318210064523 0.004471318210064523 0.004471318210064523 0.05631724
0.0065684264764184945 0.0065684264764184945 0.0065684264764184945 -0.0018200065889973915 0.05648839
0.005466855561226937 0.005466855561226937 0.005466855561226937 0.0014847061565772812 0.05632219
0.0065684264764184945 0.0065684264764184945 0.0065684264764184945 -0.0018200065889973915 0.05624342
0.0065684264764184945 0.0065684264764184945 0.0065684264764184945 -0.0018200065889973915 0.05633890
0.004471318210064523 0.004471318210064523 0.004471318210064523 0.004471318210064523 0.05635363
0.0065684264764184945 0.0065684264764184945 0.0065684264764184945 -0.0018200065889973915 0.05638694
0.005466855561226937 0.005466855561226937 0.005466855561226937 0.0014847061565772812 0.05638074
0.0065684264764184945 0.0065684264764184945 0.0065684264764184945 -0.0018200065889973915 0.05633667
0.0065684264764184945 0.0065684264764184945 0.0065684264764184945 -0.0018200065889973915 0.05626916
0.004471318210064523 0.004471318210064523 0.004471318210064523 0.004471318210064523 0.05655853
0.022170087272594015 0.022170087272594015 -0.021996590990796806 -0.004458310714133135 0.05631732
0.016277963772732218 0.016277963772732218 -0.018307609321318124 0.0036369546161117796 0.05630866
0.022170087272594015 0.022170087272594015 -0.021996590990796806 -0.004458310714133135 0.05636196
0.022170087272594015 0.022170087272594015 -0.021996590990796806 -0.004458310714133135 0.05635344
0.010952996545584412 0.010952996545584412 -0.014973716796495146 0.010952996545584412 0.05631156
0.022170087272594015 -0.021996590990796806 0.022170087272594015 -0.004458310714133135 0.05635293
0.016277963772732218 -0.018307609321318124 0.016277963772732218 0.0036369546161117796 0.05634358
0.022170087272594015 -0.021996590990796806 0.022170087272594015 -0.004458310714133135 0.05660965
0.022170087272594015 -0.021996590990796806 0.022170087272594015 -0.004458310714133135 0.05652699
0.010952996545584412 -0.014973716796495146 0.010952996545584412 0.010952996545584412 0.05640018
0.022170087272594015 -0.021996590990796806 0.022170087272594015 -0.004458310714133135 0.05656579
0.016277963772732218 -0.018307609321318124 0.016277963772732218 0.0036369546161117796 0.05645997
0.022170087272594015 -0.021996590990796806 0.022170087272594015 -0.004458310714133135 0.05651043
0.022170087272594015 -0.021996590990796806 0.022170087272594015 -0.004458310714133135 0.05639010
0.010952996545584412 -0.014973716796495146 0.010952996545584412 0.010952996545584412 0.05630140
0.022170087272594015 -0.021996590990796806 0.022170087272594015 -0.004458310714133135 0.05623366
0.016277963772732218 -0.018307609321318124 0.016277963772732218 0.0036369546161117796 0.05638342
0.022170087272594015 -0.021996590990796806 0.022170087272594015 -0.004458310714133135 0.05635844
0.022170087272594015 -0.021996590990796806 0.022170087272594015 -0.004458310714133135 0.05633818
0.010952996545584412 -0.014973716796495146 0.010952996545584412 0.010952996545584412 0.05640544
0.18494346921225852 -0.07424401319194271 -0.07424401319194271 -0.018570169988115004 0.05639189
0.1117607931277265 -0.05451225077380094 -0.05451225077380094 0.015148981260133483 0.05646411
0.18494346921225852 -0.07424401319194271 -0.07424401319194271 -0.018570169988115004 0.05644217
0.18494346921225852 -0.07424401319194271 -0.07424401319194271 -0.018570169988115004 0.05657340
0.045622438805341954 -0.03667980238521291 -0.03667980238521291 0.045622438805341954 0.05652266
0.0065684264764184945 0.0065684264764184945 0.0065684264764184945 -0.0018200065889973915 0.05641528
0.005466855561226937 0.005466855561226937 0.005466855561226937 0.0014847061565772812 0.05627818
0.0065684264764184945 0.0065684264764184945 0.0065684264764184945 -0.0018200065889973915 0.05627350
0.0065684264764184945 0.0065684264764184945 0.0065684264764184945 -0.0018200065889973915 0.05642824
0.004471318210064523 0.004471318210064523 0.004471318210064523 0.004471318210064523 0.05634849
0.0065684264764184945 0.0065684264764184945 0.0065684264764184945 -0.0018200065889973915 0.05661368
0.005466855561226937 0.005466855561226937 0.005466855561226937 0.0014847061565772812 0.05653032
0.0065684264764184945 0.0065684264764184945 0.0065684264764184945 -0.0018200065889973915 0.05629801
0.0065684264764184945 0.0065684264764184945 0.0065684264764184945 -0.0018200065889973915 0.05648153
0.004471318210064523 0.004471318210064523 0.004471318210064523 0.004471318210064523 0.05637803
0.0065684264764184945 0.0065684264764184945 0.0065684264764184945 -0.0018200065889973915 0.05658126
0.005466855561226937 0.005466855561226937 0.005466855561226937 0.0014847061565772812 0.05644998
0.0065684264764184945 0.0065684264764184945 0.0065684264764184945 -0.0018200065889973915 0.05624864
0.0065684264764184945 0.0065684264764184945 0.0065684264764184945 -0.0018200065889973915 0.05627756
0.004471318210064523 0.004471318210064523 0.004471318210064523 0.004471318210064523 0.05634151
0.022170087272594015 0.022170087272594015 -0.021996590990796806 -0.004458310714133135 0.05640337
0.016277963772732218 0.016277963772732218 -0.018307609321318124 0.0036369546161117796 0.05667259
0.022170087272594015 0.022170087272594015 -0.021996590990796806 -0.004458310714133135 0.05658495
0.022170087272594015 0.022170087272594015 -0.021996590990796806 -0.004458310714133135 0.05661733
0.010952996545584412 0.010952996545584412 -0.014973716796495146 0.010952996545584412 0.05640949
0.0065684264764184945 0.0065684264764184945 0.0065684264764184945 -0.0018200065889973915 0.05630574
0.005466855561226937 0.005466855561226937 0.005466855561226937 0.0014847061565772812 0.05625812
0.0065684264764184945 0.0065684264764184945 0.0065684264764184945 -0.0018200065889973915 0.05633828
0.0065684264764184945 0.0065684264764184945 0.0065684264764184945 -0.0018200065889973915 0.05633613
0.004471318210064523 0.004471318210064523 0.004471318210064523 0.004471318210064523 0.05627725
0.0065684264764184945 0.0065684264764184945 0.0065684264764184945 -0.0018200065889973915 0.05643038
0.005466855561226937 0.005466855561226937 0.005466855561226937 0.0014847061565772812 0.05626394
0.0065684264764184945 0.0065684264764184945 0.0065684264764184945 -0.0018200065889973915 0.05641686
0.0065684264764184945 0.0065684264764184945 0.0065684264764184945 -0.0018200065889973915 0.05641879
0.004471318210064523 0.004471318210064523 0.004471318210064523 0.004471318210064523 0.05634531
0.0065684264764184945 0.0065684264764184945 0.0065684264764184945 -0.0018200065889973915 0.05627078
0.005466855561226937 0.005466855561226937 0.005466855561226937 0.0014847061565772812 0.05629650
0.0065684264764184945 0.0065684264764184945 0.0065684264764184945 -0.0018200065889973915 0.05632690
0.0065684264764184945 0.0065684264764184945 0.0065684264764184945 -0.0018200065889973915 0.05636743
0.004471318210064523 0.004471318210064523 0.004471318210064523 0.004471318210064523 0.05646699
0.022170087272594015 0.022170087272594015 -0.021996590990796806 -0.004458310714133135 0.05629548
0.016277963772732218 0.016277963772732218 -0.018307609321318124 0.0036369546161117796 0.05632657
0.022170087272594015 0.022170087272594015 -0.021996590990796806 -0.004458310714133135 0.05652699
0.022170087272594015 0.022170087272594015 -0.021996590990796806 -0.004458310714133135 0.05643616
0.010952996545584412 0.010952996545584412 -0.014973716796495146 0.010952996545584412 0.05641353
0.0065684264764184945 0.0065684264764184945 0.0065684264764184945 -0.0018200065889973915 0.05626900
0.005466855561226937 0.005466855561226937 0.005466855561226937 0.0014847061565772812 0.05640314
0.0065684264764184945 0.0065684264764184945 0.0065684264764184945 -0.0018200065889973915 0.05643752
0.0065684264764184945 0.0065684264764184945 0.0065684264764184945 -0.0018200065889973915 0.05644417
0.004471318210064523 0.004471318210064523 0.004471318210064523 0.004471318210064523 0.05642844
0.0065684264764184945 0.0065684264764184945 0.0065684264764184945 -0.0018200065889973915 0.05642822
0.005466855561226937 0.005466855561226937 0.005466855561226937 0.0014847061565772812 0.05643926
0.0065684264764184945 0.0065684264764184945 0.0065684264764184945 -0.0018200065889973915 0.05639546
0.0065684264764184945 0.0065684264764184945 0.0065684264764184945 -0.0018200065889973915 0.05633899
0.004471318210064523 0.004471318210064523 0.004471318210064523 0.004471318210064523 0.05627806
0.0065684264764184945 0.0065684264764184945 0.0065684264764184945 -0.0018200065889973915 0.05650942
0.005466855561226937 0.005466855561226937 0.005466855561226937 0.0014847061565772812 0.05627855
0.0065684264764184945 0.0065684264764184945 0.0065684264764184945 -0.0018200065889973915 0.05611828
0.0065684264764184945 0.0065684264764184945 0.0065684264764184945 -0.0018200065889973915 0.05642743
0.004471318210064523 0.004471318210064523 0.004471318210064523 0.004471318210064523 0.05647327
0.022170087272594015 0.022170087272594015 -0.021996590990796806 -0.004458310714133135 0.05651495
0.016277963772732218 0.016277963772732218 -0.018307609321318124 0.0036369546161117796 0.05648455
0.022170087272594015 0.022170087272594015 -0.021996590990796806 -0.004458310714133135 0.05648083
0.022170087272594015 0.022170087272594015 -0.021996590990796806 -0.004458310714133135 0.05653723
0.010952996545584412 0.010952996545584412 -0.014973716796495146 0.010952996545584412 0.05668313
0.022170087272594015 -0.021996590990796806 0.022170087272594015 -0.004458310714133135 0.05622690
0.016277963772732218 -0.018307609321318124 0.016277963772732218 0.0036369546161117796 0.05640345
0.022170087272594015 -0.021996590990796806 0.022170087272594015 -0.004458310714133135 0.05642332
0.022170087272594015 -0.021996590990796806 0.022170087272594015 -0.004458310714133135 0.05638349
0.010952996545584412 -0.014973716796495146 0.010952996545584412 0.010952996545584412 0.05629141
0.022170087272594015 -0.021996590990796806 0.022170087272594015 -0.004458310714133135 0.05656571
0.016277963772732218 -0.018307609321318124 0.016277963772732218 0.0036369546161117796 0.05653898
0.022170087272594015 -0.021996590990796806 0.022170087272594015 -0.004458310714133135 0.05658186
0.022170087272594015 -0.021996590990796806 0.022170087272594015 -0.004458310714133135 0.05654217
0.010952996545584412 -0.014973716796495146 0.010952996545584412 0.010952996545584412 0.05731841
0.022170087272594015 -0.021996590990796806 0.022170087272594015 -0.004458310714133135 0.05651968
0.016277963772732218 -0.018307609321318124 0.016277963772732218 0.0036369546161117796 0.05650926
0.022170087272594015 -0.021996590990796806 0.022170087272594015 -0.004458310714133135 0.05651745
0.022170087272594015 -0.021996590990796806 0.022170087272594015 -0.004458310714133135 0.05652212
0.010952996545584412 -0.014973716796495146 0.010952996545584412 0.010952996545584412 0.05655871
0.18494346921225852 -0.07424401319194271 -0.07424401319194271 -0.018570169988115004 0.05641653
0.1117607931277265 -0.05451225077380094 -0.05451225077380094 0.015148981260133483 0.05652756
0.18494346921225852 -0.07424401319194271 -0.07424401319194271 -0.018570169988115004 0.05662669
0.18494346921225852 -0.07424401319194271 -0.07424401319194271 -0.018570169988115004 0.05655559
0.045622438805341954 -0.03667980238521291 -0.03667980238521291 0.045622438805341954 0.05652138
