checking_status duration credit_history purpose credit_amount savings_status employment installment_commitment personal_status other_parties residence_since property_magnitude age other_payment_plans housing existing_credits job num_dependents own_telephone foreign_worker Runtime
0.25 0.6666666666666667 0.3 0.09999999999999998 0.5 0.6 0.19999999999999996 0.375 0.375 0.16666666666666669 0.375 0.375 0.375 0.11111111111111112 0.16666666666666669 0.125 0.25 0.25 0.25 0.16666666666666666 29.12913024
0.5 0.16666666666666669 0.2 0.45 0.375 0.3 0.4 0.25 0.375 0.33333333333333337 0.125 0.375 0.125 0.16666666666666669 0.33333333333333337 0.375 0.375 0.25 0.25 0.25 9.94080024
0.5 0.6666666666666667 0.09999999999999998 0.19999999999999996 0.25 0.6 0.4 0.375 0.25 0.16666666666666669 0.25 0.375 0.375 0.22222222222222224 0.33333333333333337 0.25 0.375 0.25 0.25 0.25 17.69681850
0.25 0.33333333333333337 0.09999999999999998 0.26666666666666666 0.375 0.3 0.4 0.25 0.25 0.16666666666666669 0.25 0.25 0.25 0.16666666666666669 0.16666666666666669 0.25 0.375 0.16666666666666666 0.16666666666666666 0.25 85.65701720
0.75 0.33333333333333337 0.19999999999999996 0.2 0.75 0.19999999999999996 0.19999999999999996 0.5 0.25 0.16666666666666669 0.25 0.25 0.75 0.16666666666666669 0.33333333333333337 0.25 0.125 0.16666666666666666 0.25 0.16666666666666666 22.37741422
0.25 0.33333333333333337 0.09999999999999998 0.45 0.25 0.3 0.09999999999999998 0.25 0.25 0.16666666666666669 0.25 0.25 0.25 0.22222222222222224 0.22222222222222224 0.25 0.125 0.25 0.16666666666666666 0.16666666666666666 112.90992578
0.75 0.6666666666666667 0.4 0.16666666666666666 0.75 0.19999999999999996 0.4 0.08333333333333333 0.25 0.33333333333333337 0.5 0.25 0.75 0.16666666666666669 0.6666666666666667 0.25 0.5 0.5 0.5 0.5 14.03236756
0.25 0.33333333333333337 0.19999999999999998 0.09999999999999998 0.375 0.4 0.4 0.375 0.25 0.33333333333333337 0.375 0.375 0.25 0.33333333333333337 0.16666666666666669 0.125 0.25 0.25 0.25 0.25 26.28603015
0.25 0.16666666666666669 0.06666666666666665 0.3 0.375 0.09999999999999998 0.2 0.125 0.25 0.22222222222222224 0.25 0.125 0.25 0.22222222222222224 0.16666666666666669 0.25 0.125 0.25 0.16666666666666666 0.25 120.10806536
0.25 0.33333333333333337 0.4 0.45 0.375 0.6 0.3 0.125 0.125 0.16666666666666669 0.125 0.25 0.375 0.33333333333333337 0.11111111111111112 0.375 0.375 0.25 0.25 0.25 26.27455285
0.75 0.6666666666666667 0.19999999999999996 0.09999999999999998 0.75 0.6 0.4 0.125 0.125 0.16666666666666669 0.25 0.25 0.25 0.16666666666666669 0.33333333333333337 0.25 0.25 0.25 0.16666666666666666 0.16666666666666666 30.43807853
0.25 0.33333333333333337 0.4 0.4 0.375 0.2 0.3 0.375 0.25 0.11111111111111112 0.25 0.25 0.125 0.33333333333333337 0.33333333333333337 0.25 0.25 0.16666666666666666 0.25 0.16666666666666666 65.96089466
0.5 0.6666666666666667 0.19999999999999998 0.4 0.375 0.3 0.4 0.25 0.25 0.33333333333333337 0.375 0.25 0.25 0.33333333333333337 0.22222222222222224 0.125 0.375 0.25 0.25 0.25 41.41595737
0.75 0.33333333333333337 0.13333333333333333 0.3 0.375 0.4 0.2 0.375 0.25 0.16666666666666669 0.125 0.125 0.25 0.16666666666666669 0.22222222222222224 0.375 0.375 0.25 0.16666666666666666 0.25 68.35226941
0.25 0.16666666666666669 0.2 0.2 0.25 0.4 0.13333333333333333 0.125 0.16666666666666666 0.22222222222222224 0.16666666666666666 0.25 0.25 0.11111111111111112 0.33333333333333337 0.16666666666666666 0.125 0.16666666666666666 0.16666666666666666 0.25 128.23080819
0.375 0.33333333333333337 0.09999999999999998 0.25 0.25 0.8 0.3 0.25 0.375 0.16666666666666669 0.25 0.375 0.25 0.33333333333333337 0.22222222222222224 0.25 0.375 0.25 0.25 0.16666666666666666 34.08090584
0.375 0.33333333333333337 0.4 0.45 0.375 0.4 0.2 0.125 0.25 0.16666666666666669 0.125 0.25 0.375 0.33333333333333337 0.22222222222222224 0.25 0.375 0.16666666666666666 0.25 0.25 40.18142892
0.25 0.33333333333333337 0.2 0.033333333333333326 0.25 0.4 0.09999999999999998 0.25 0.25 0.16666666666666669 0.25 0.125 0.125 0.16666666666666669 0.16666666666666669 0.25 0.25 0.16666666666666666 0.16666666666666666 0.16666666666666666 94.41836828
0.75 0.6666666666666667 0.19999999999999996 0.1 0.75 0.8 0.6 0.75 0.25 0.33333333333333337 0.25 0.25 0.75 0.33333333333333337 0.11111111111111112 0.5 0.75 0.125 0.5 0.5 193.48464634
0.25 0.33333333333333337 0.2 0.15000000000000002 0.375 0.6 0.4 0.125 0.25 0.16666666666666669 0.125 0.125 0.375 0.16666666666666669 0.33333333333333337 0.375 0.25 0.25 0.25 0.16666666666666666 24.30091756
0.375 0.33333333333333337 0.3 0.45 0.375 0.19999999999999996 0.4 0.25 0.375 0.33333333333333337 0.125 0.125 0.375 0.16666666666666669 0.22222222222222224 0.375 0.25 0.25 0.25 0.25 37.98493721
0.5 0.6666666666666667 0.09999999999999998 0.19999999999999996 0.25 0.6 0.4 0.375 0.25 0.16666666666666669 0.25 0.375 0.375 0.22222222222222224 0.33333333333333337 0.25 0.375 0.25 0.25 0.25 3.16339478
0.375 0.33333333333333337 0.2 0.09999999999999998 0.375 0.19999999999999996 0.4 0.25 0.375 0.22222222222222224 0.125 0.375 0.375 0.22222222222222224 0.22222222222222224 0.125 0.25 0.25 0.16666666666666666 0.16666666666666666 90.54481964
0.25 0.16666666666666669 0.3 0.09999999999999998 0.375 0.4 0.19999999999999998 0.25 0.25 0.22222222222222224 0.125 0.25 0.125 0.22222222222222224 0.16666666666666669 0.125 0.125 0.25 0.16666666666666666 0.16666666666666666 94.73094199
0.25 0.33333333333333337 0.09999999999999998 0.35 0.125 0.4 0.09999999999999998 0.375 0.25 0.33333333333333337 0.125 0.375 0.125 0.22222222222222224 0.33333333333333337 0.375 0.375 0.25 0.25 0.25 27.47561458
0.375 0.33333333333333337 0.4 0.4 0.375 0.19999999999999996 0.09999999999999998 0.125 0.375 0.22222222222222224 0.125 0.25 0.125 0.33333333333333337 0.16666666666666669 0.125 0.125 0.16666666666666666 0.16666666666666666 0.16666666666666666 62.05914469
0.75 0.33333333333333337 0.6 0.5 0.25 0.8 0.19999999999999996 0.25 0.25 0.16666666666666669 0.25 0.5 0.16666666666666666 0.16666666666666669 0.16666666666666669 0.125 0.5 0.5 0.16666666666666666 0.5 170.19848615
0.5 0.33333333333333337 0.19999999999999996 0.35 0.75 0.6 0.19999999999999996 0.375 0.125 0.33333333333333337 0.25 0.5 0.25 0.16666666666666669 0.33333333333333337 0.25 0.25 0.25 0.25 0.16666666666666666 15.73004976
0.75 0.33333333333333337 0.19999999999999996 0.5 0.75 0.19999999999999996 0.6 0.08333333333333333 0.25 0.6666666666666667 0.75 0.25 0.5 0.33333333333333337 0.33333333333333337 0.25 0.75 0.25 0.16666666666666666 0.5 14.45779120
0.25 0.33333333333333337 0.09999999999999998 0.09999999999999998 0.5 0.4 0.3 0.375 0.125 0.16666666666666669 0.125 0.25 0.375 0.33333333333333337 0.33333333333333337 0.375 0.25 0.25 0.16666666666666666 0.25 22.53043169
0.5 0.33333333333333337 0.19999999999999996 0.09999999999999998 0.25 0.09999999999999998 0.4 0.16666666666666666 0.25 0.33333333333333337 0.25 0.375 0.25 0.33333333333333337 0.16666666666666669 0.25 0.375 0.16666666666666666 0.16666666666666666 0.25 75.25955920
0.375 0.33333333333333337 0.4 0.45 0.375 0.19999999999999996 0.09999999999999998 0.125 0.25 0.16666666666666669 0.125 0.375 0.16666666666666666 0.16666666666666669 0.16666666666666669 0.125 0.125 0.25 0.16666666666666666 0.16666666666666666 51.67726052
0.25 0.33333333333333337 0.3 0.45 0.375 0.3 0.4 0.125 0.25 0.33333333333333337 0.125 0.375 0.25 0.33333333333333337 0.33333333333333337 0.125 0.25 0.25 0.16666666666666666 0.16666666666666666 50.68427709
0.5 0.16666666666666669 0.09999999999999998 0.25 0.25 0.09999999999999998 0.09999999999999998 0.125 0.25 0.22222222222222224 0.25 0.25 0.25 0.22222222222222224 0.22222222222222224 0.25 0.25 0.16666666666666666 0.16666666666666666 0.25 137.05497534
0.25 0.33333333333333337 0.4 0.4 0.25 0.2 0.3 0.25 0.16666666666666666 0.16666666666666669 0.25 0.375 0.125 0.22222222222222224 0.16666666666666669 0.125 0.25 0.25 0.25 0.25 41.85391138
0.5 0.33333333333333337 0.2 0.2 0.25 0.4 0.2 0.375 0.25 0.16666666666666669 0.125 0.125 0.25 0.22222222222222224 0.33333333333333337 0.25 0.25 0.16666666666666666 0.16666666666666666 0.25 79.83915896
0.25 0.33333333333333337 0.09999999999999998 0.4 0.375 0.4 0.3 0.5 0.375 0.33333333333333337 0.375 0.375 0.125 0.16666666666666669 0.22222222222222224 0.25 0.25 0.25 0.25 0.25 24.87010837
0.25 0.33333333333333337 0.2 0.15000000000000002 0.375 0.4 0.2 0.125 0.125 0.16666666666666669 0.25 0.125 0.25 0.22222222222222224 0.22222222222222224 0.25 0.375 0.25 0.25 0.25 59.11527584
0.25 0.33333333333333337 0.19999999999999996 0.09999999999999998 0.25 0.4 0.4 0.5 0.375 0.33333333333333337 0.375 0.375 0.25 0.33333333333333337 0.33333333333333337 0.375 0.25 0.25 0.25 0.5 5.35223157
0.75 0.33333333333333337 0.19999999999999998 0.09999999999999998 0.75 0.8 0.8 0.16666666666666666 0.5 0.6666666666666667 0.125 0.5 0.75 0.6666666666666667 0.6666666666666667 0.125 0.75 0.25 0.5 0.5 14.97957128
0.75 0.33333333333333337 0.09999999999999998 0.4 0.125 0.4 0.3 0.375 0.375 0.33333333333333337 0.125 0.25 0.25 0.22222222222222224 0.33333333333333337 0.125 0.25 0.16666666666666666 0.25 0.25 43.79214911
0.375 0.33333333333333337 0.3 0.4 0.125 0.4 0.4 0.25 0.375 0.33333333333333337 0.125 0.25 0.375 0.16666666666666669 0.33333333333333337 0.25 0.375 0.25 0.25 0.16666666666666666 30.08980086
0.75 0.33333333333333337 0.2 0.35 0.375 0.19999999999999996 0.3 0.25 0.125 0.33333333333333337 0.375 0.125 0.375 0.33333333333333337 0.22222222222222224 0.25 0.375 0.16666666666666666 0.16666666666666666 0.25 45.06185001
0.5 0.33333333333333337 0.4 0.19999999999999996 0.25 0.8 0.2 0.125 0.125 0.16666666666666669 0.125 0.25 0.25 0.16666666666666669 0.33333333333333337 0.125 0.375 0.5 0.16666666666666666 0.16666666666666666 205.95136371
0.25 0.33333333333333337 0.19999999999999996 0.6 0.5 0.8 0.4 0.25 0.25 0.16666666666666669 0.25 0.375 0.25 0.16666666666666669 0.33333333333333337 0.125 0.25 0.25 0.25 0.16666666666666666 33.77664901
0.75 0.6666666666666667 0.1 0.2333333333333333 0.5 0.4 0.3 0.25 0.125 0.16666666666666669 0.125 0.25 0.25 0.11111111111111112 0.16666666666666669 0.25 0.25 0.25 0.16666666666666666 0.25 187.25339636
0.75 0.6666666666666667 0.4 0.19999999999999996 0.75 0.8 0.09999999999999998 0.375 0.25 0.33333333333333337 0.25 0.75 0.5 0.16666666666666669 0.33333333333333337 0.5 0.25 0.25 0.25 0.16666666666666666 15.06509029
0.125 0.33333333333333337 0.3 0.2 0.375 0.19999999999999996 0.09999999999999998 0.25 0.25 0.16666666666666669 0.125 0.375 0.125 0.16666666666666669 0.33333333333333337 0.16666666666666666 0.25 0.25 0.16666666666666666 0.25 51.41780134
0.25 0.33333333333333337 0.19999999999999996 0.35 0.375 0.2 0.2 0.25 0.25 0.22222222222222224 0.25 0.125 0.375 0.22222222222222224 0.16666666666666669 0.08333333333333333 0.25 0.16666666666666666 0.16666666666666666 0.16666666666666666 118.39434449
0.75 0.33333333333333337 0.06666666666666665 0.19999999999999996 0.375 0.19999999999999996 0.19999999999999996 0.25 0.375 0.16666666666666669 0.375 0.5 0.5 0.16666666666666669 0.33333333333333337 0.375 0.75 0.25 0.25 0.5 13.31571222
0.25 0.6666666666666667 0.09999999999999998 0.4 0.375 0.6 0.4 0.375 0.16666666666666666 0.33333333333333337 0.375 0.375 0.25 0.16666666666666669 0.33333333333333337 0.125 0.375 0.25 0.25 0.25 21.86243114
0.25 0.33333333333333337 0.26666666666666666 0.25 0.375 0.4 0.26666666666666666 0.25 0.25 0.16666666666666669 0.125 0.125 0.25 0.16666666666666669 0.22222222222222224 0.25 0.25 0.16666666666666666 0.16666666666666666 0.25 105.69913322
0.75 0.33333333333333337 0.09999999999999998 0.3 0.375 0.8 0.09999999999999998 0.125 0.25 0.33333333333333337 0.16666666666666666 0.375 0.25 0.22222222222222224 0.22222222222222224 0.125 0.75 0.25 0.25 0.5 35.88446883
0.5 0.6666666666666667 0.8 0.25 0.75 0.8 0.26666666666666666 0.25 0.125 0.33333333333333337 0.25 0.125 0.25 0.16666666666666669 0.33333333333333337 0.25 0.25 0.25 0.25 0.16666666666666666 27.74991493
0.75 0.6666666666666667 0.06666666666666665 0.06666666666666665 0.75 0.8 0.19999999999999996 0.5 0.25 0.33333333333333337 0.125 0.25 0.25 0.22222222222222224 0.11111111111111112 0.25 0.75 0.5 0.16666666666666666 0.5 49.89024998
0.75 0.33333333333333337 0.2 0.09999999999999998 0.125 0.6 0.2 0.16666666666666666 0.25 0.22222222222222224 0.375 0.375 0.25 0.33333333333333337 0.6666666666666667 0.125 0.75 0.25 0.25 0.16666666666666666 27.75314111
0.5 0.16666666666666669 0.09999999999999998 0.35 0.125 0.4 0.2 0.25 0.125 0.16666666666666669 0.125 0.25 0.25 0.22222222222222224 0.16666666666666669 0.25 0.375 0.16666666666666666 0.16666666666666666 0.25 82.25861910
0.375 0.33333333333333337 0.3 0.45 0.375 0.3 0.09999999999999998 0.16666666666666666 0.125 0.16666666666666669 0.25 0.25 0.125 0.22222222222222224 0.33333333333333337 0.125 0.125 0.25 0.25 0.16666666666666666 51.57620650
0.5 0.33333333333333337 0.09999999999999998 0.35 0.375 0.3 0.3 0.375 0.125 0.33333333333333337 0.25 0.125 0.25 0.16666666666666669 0.16666666666666669 0.375 0.375 0.25 0.25 0.25 9.98206964
0.75 0.11111111111111112 0.4 0.30000000000000004 0.75 0.4 0.2 0.75 0.375 0.6666666666666667 0.125 0.25 0.25 0.33333333333333337 0.33333333333333337 0.375 0.75 0.16666666666666666 0.5 0.5 18.14024990
0.25 0.33333333333333337 0.3 0.09999999999999998 0.25 0.6 0.4 0.25 0.25 0.16666666666666669 0.375 0.25 0.375 0.33333333333333337 0.16666666666666669 0.375 0.375 0.16666666666666666 0.25 0.25 29.59188269
0.375 0.33333333333333337 0.3 0.4 0.375 0.19999999999999996 0.2 0.375 0.375 0.16666666666666669 0.125 0.25 0.125 0.33333333333333337 0.22222222222222224 0.125 0.375 0.25 0.25 0.25 28.35276452
0.75 0.33333333333333337 0.09999999999999998 0.06666666666666665 0.375 0.19999999999999996 0.19999999999999998 0.25 0.125 0.16666666666666669 0.25 0.375 0.25 0.33333333333333337 0.33333333333333337 0.25 0.25 0.16666666666666666 0.25 0.25 58.30840259
0.25 0.6666666666666667 0.2 0.09999999999999998 0.375 0.6 0.3 0.25 0.16666666666666666 0.16666666666666669 0.125 0.375 0.125 0.16666666666666669 0.33333333333333337 0.16666666666666666 0.25 0.16666666666666666 0.25 0.25 50.44319055
0.25 0.33333333333333337 0.19999999999999996 0.09999999999999998 0.25 0.19999999999999996 0.2 0.16666666666666666 0.25 0.16666666666666669 0.25 0.125 0.375 0.33333333333333337 0.33333333333333337 0.25 0.125 0.25 0.25 0.25 41.00766355
0.375 0.33333333333333337 0.09999999999999998 0.45 0.375 0.4 0.09999999999999998 0.375 0.25 0.33333333333333337 0.125 0.375 0.125 0.22222222222222224 0.33333333333333337 0.25 0.25 0.16666666666666666 0.16666666666666666 0.25 87.91179797
