checking_status duration credit_history purpose credit_amount savings_status employment installment_commitment personal_status other_parties residence_since property_magnitude age other_payment_plans housing existing_credits job num_dependents own_telephone foreign_worker Runtime
(1.0, 0.25) (1.0, 0.6666666666666667) (0.5, 0.6) (1.0, 0.09999999999999998) (1.0, 0.5) (1.0, 0.6) (1.0, 0.19999999999999996) (0.5, 0.75) (0.5, 0.75) (0.5, 0.33333333333333337) (0.5, 0.75) (0.5, 0.75) (0.5, 0.75) (0.3333333333333333, 0.33333333333333337) (0.5, 0.33333333333333337) (0.5, 0.25) (0.5, 0.5) (0.5, 0.5) (0.5, 0.5) (0.3333333333333333, 0.5) 29.12991614
(1.0, 0.5) (0.5, 0.33333333333333337) (0.5, 0.4) (0.5, 0.9) (0.5, 0.75) (0.5, 0.6) (0.5, 0.8) (0.5, 0.5) (0.5, 0.75) (0.5, 0.6666666666666667) (0.5, 0.25) (0.5, 0.75) (0.5, 0.25) (0.5, 0.33333333333333337) (0.5, 0.6666666666666667) (0.5, 0.75) (0.5, 0.75) (0.5, 0.5) (0.5, 0.5) (0.5, 0.5) 9.92222207
(1.0, 0.5) (1.0, 0.6666666666666667) (0.5, 0.19999999999999996) (1.0, 0.19999999999999996) (1.0, 0.25) (1.0, 0.6) (0.5, 0.8) (0.5, 0.75) (1.0, 0.25) (0.5, 0.33333333333333337) (0.5, 0.5) (0.5, 0.75) (0.5, 0.75) (0.3333333333333333, 0.6666666666666667) (0.5, 0.6666666666666667) (0.5, 0.5) (0.5, 0.75) (0.5, 0.5) (0.5, 0.5) (0.5, 0.5) 17.70966778
(0.5, 0.5) (0.5, 0.6666666666666667) (0.5, 0.19999999999999996) (0.3333333333333333, 0.8) (0.5, 0.75) (0.5, 0.6) (0.5, 0.8) (0.5, 0.5) (0.3333333333333333, 0.75) (0.5, 0.33333333333333337) (0.3333333333333333, 0.75) (0.5, 0.5) (0.5, 0.5) (0.5, 0.33333333333333337) (0.5, 0.33333333333333337) (0.3333333333333333, 0.75) (0.5, 0.75) (0.3333333333333333, 0.5) (0.3333333333333333, 0.5) (0.5, 0.5) 85.85037431
(1.0, 0.75) (1.0, 0.33333333333333337) (1.0, 0.19999999999999996) (0.5, 0.4) (1.0, 0.75) (1.0, 0.19999999999999996) (1.0, 0.19999999999999996) (1.0, 0.5) (1.0, 0.25) (0.5, 0.33333333333333337) (0.5, 0.5) (1.0, 0.25) (1.0, 0.75) (0.5, 0.33333333333333337) (0.5, 0.6666666666666667) (0.5, 0.5) (0.5, 0.25) (0.3333333333333333, 0.5) (0.5, 0.5) (0.3333333333333333, 0.5) 22.31088674
(1.0, 0.25) (1.0, 0.33333333333333337) (0.5, 0.19999999999999996) (0.5, 0.9) (0.5, 0.5) (0.5, 0.6) (0.5, 0.19999999999999996) (0.3333333333333333, 0.75) (0.3333333333333333, 0.75) (0.5, 0.33333333333333337) (0.3333333333333333, 0.75) (0.5, 0.5) (0.3333333333333333, 0.75) (0.3333333333333333, 0.6666666666666667) (0.3333333333333333, 0.6666666666666667) (0.3333333333333333, 0.75) (0.5, 0.25) (0.5, 0.5) (0.3333333333333333, 0.5) (0.3333333333333333, 0.5) 112.48187004
(1.0, 0.75) (1.0, 0.6666666666666667) (1.0, 0.4) (0.3333333333333333, 0.5) (1.0, 0.75) (1.0, 0.19999999999999996) (1.0, 0.4) (0.3333333333333333, 0.25) (1.0, 0.25) (1.0, 0.33333333333333337) (1.0, 0.5) (1.0, 0.25) (1.0, 0.75) (0.5, 0.33333333333333337) (1.0, 0.6666666666666667) (0.5, 0.5) (1.0, 0.5) (1.0, 0.5) (1.0, 0.5) (1.0, 0.5) 14.01648319
(1.0, 0.25) (1.0, 0.33333333333333337) (0.3333333333333333, 0.6) (0.5, 0.19999999999999996) (0.5, 0.75) (0.5, 0.8) (0.5, 0.8) (0.5, 0.75) (0.5, 0.5) (0.5, 0.6666666666666667) (0.5, 0.75) (0.5, 0.75) (0.5, 0.5) (0.5, 0.6666666666666667) (0.5, 0.33333333333333337) (0.5, 0.25) (0.5, 0.5) (0.5, 0.5) (0.5, 0.5) (0.5, 0.5) 26.29095655
(0.5, 0.5) (0.5, 0.33333333333333337) (0.3333333333333333, 0.19999999999999996) (0.3333333333333333, 0.9) (0.5, 0.75) (0.5, 0.19999999999999996) (0.5, 0.4) (0.5, 0.25) (0.3333333333333333, 0.75) (0.3333333333333333, 0.6666666666666667) (0.3333333333333333, 0.75) (0.5, 0.25) (0.3333333333333333, 0.75) (0.3333333333333333, 0.6666666666666667) (0.5, 0.33333333333333337) (0.3333333333333333, 0.75) (0.5, 0.25) (0.5, 0.5) (0.3333333333333333, 0.5) (0.5, 0.5) 120.26507106
(0.5, 0.5) (1.0, 0.33333333333333337) (0.5, 0.8) (0.5, 0.9) (0.5, 0.75) (1.0, 0.6) (0.5, 0.6) (0.5, 0.25) (0.5, 0.25) (0.5, 0.33333333333333337) (0.5, 0.25) (0.5, 0.5) (0.5, 0.75) (0.5, 0.6666666666666667) (0.3333333333333333, 0.33333333333333337) (0.5, 0.75) (0.5, 0.75) (0.5, 0.5) (0.5, 0.5) (0.5, 0.5) 26.23677470
(1.0, 0.75) (1.0, 0.6666666666666667) (1.0, 0.19999999999999996) (1.0, 0.09999999999999998) (1.0, 0.75) (1.0, 0.6) (1.0, 0.4) (0.5, 0.25) (0.5, 0.25) (0.5, 0.33333333333333337) (1.0, 0.25) (1.0, 0.25) (1.0, 0.25) (0.5, 0.33333333333333337) (0.5, 0.6666666666666667) (0.3333333333333333, 0.75) (1.0, 0.25) (0.5, 0.5) (0.3333333333333333, 0.5) (0.3333333333333333, 0.5) 30.33831645
(0.5, 0.5) (0.5, 0.6666666666666667) (0.5, 0.8) (0.5, 0.8) (0.5, 0.75) (0.5, 0.4) (0.5, 0.6) (0.5, 0.75) (0.5, 0.5) (0.3333333333333333, 0.33333333333333337) (0.5, 0.5) (0.5, 0.5) (0.5, 0.25) (0.5, 0.6666666666666667) (0.5, 0.6666666666666667) (0.3333333333333333, 0.75) (0.5, 0.5) (0.3333333333333333, 0.5) (0.5, 0.5) (0.3333333333333333, 0.5) 65.03193464
(1.0, 0.5) (1.0, 0.6666666666666667) (0.3333333333333333, 0.6) (0.5, 0.8) (0.5, 0.75) (0.5, 0.6) (0.5, 0.8) (0.3333333333333333, 0.75) (0.5, 0.5) (0.5, 0.6666666666666667) (0.5, 0.75) (0.5, 0.5) (1.0, 0.25) (0.5, 0.6666666666666667) (0.3333333333333333, 0.6666666666666667) (0.5, 0.25) (0.5, 0.75) (0.5, 0.5) (0.5, 0.5) (0.5, 0.5) 41.47729768
(1.0, 0.75) (0.5, 0.6666666666666667) (0.3333333333333333, 0.4) (0.5, 0.6) (0.5, 0.75) (0.5, 0.8) (0.5, 0.4) (0.5, 0.75) (0.3333333333333333, 0.75) (0.5, 0.33333333333333337) (0.5, 0.25) (0.5, 0.25) (0.3333333333333333, 0.75) (0.5, 0.33333333333333337) (0.3333333333333333, 0.6666666666666667) (0.5, 0.75) (0.5, 0.75) (0.5, 0.5) (0.3333333333333333, 0.5) (0.5, 0.5) 68.58425490
(1.0, 0.25) (0.5, 0.33333333333333337) (0.5, 0.4) (0.5, 0.4) (0.5, 0.5) (0.5, 0.8) (0.3333333333333333, 0.4) (0.5, 0.25) (0.3333333333333333, 0.5) (0.3333333333333333, 0.6666666666666667) (0.3333333333333333, 0.5) (0.3333333333333333, 0.75) (0.3333333333333333, 0.75) (0.3333333333333333, 0.33333333333333337) (0.5, 0.6666666666666667) (0.3333333333333333, 0.5) (0.5, 0.25) (0.3333333333333333, 0.5) (0.3333333333333333, 0.5) (0.5, 0.5) 129.02558959
(0.5, 0.75) (1.0, 0.33333333333333337) (0.5, 0.19999999999999996) (0.5, 0.5) (1.0, 0.25) (1.0, 0.8) (0.5, 0.6) (0.5, 0.5) (0.5, 0.75) (0.5, 0.33333333333333337) (0.5, 0.5) (0.5, 0.75) (0.5, 0.5) (0.5, 0.6666666666666667) (0.3333333333333333, 0.6666666666666667) (0.5, 0.5) (0.5, 0.75) (0.5, 0.5) (0.5, 0.5) (0.3333333333333333, 0.5) 34.09122491
(0.5, 0.75) (0.5, 0.6666666666666667) (0.5, 0.8) (0.5, 0.9) (0.5, 0.75) (0.5, 0.8) (0.5, 0.4) (0.5, 0.25) (0.5, 0.5) (0.5, 0.33333333333333337) (0.5, 0.25) (0.5, 0.5) (0.5, 0.75) (0.5, 0.6666666666666667) (0.3333333333333333, 0.6666666666666667) (0.5, 0.5) (0.5, 0.75) (0.3333333333333333, 0.5) (0.5, 0.5) (0.5, 0.5) 40.03953657
(1.0, 0.25) (0.5, 0.6666666666666667) (0.5, 0.4) (0.3333333333333333, 0.09999999999999998) (0.5, 0.5) (0.5, 0.8) (0.5, 0.19999999999999996) (0.5, 0.5) (0.3333333333333333, 0.75) (0.5, 0.33333333333333337) (0.3333333333333333, 0.75) (0.5, 0.25) (0.5, 0.25) (0.5, 0.33333333333333337) (0.5, 0.33333333333333337) (0.3333333333333333, 0.75) (0.5, 0.5) (0.3333333333333333, 0.5) (0.3333333333333333, 0.5) (0.3333333333333333, 0.5) 94.02565616
(1.0, 0.75) (1.0, 0.6666666666666667) (1.0, 0.19999999999999996) (0.3333333333333333, 0.30000000000000004) (1.0, 0.75) (1.0, 0.8) (1.0, 0.6) (1.0, 0.75) (0.3333333333333333, 0.75) (1.0, 0.33333333333333337) (0.3333333333333333, 0.75) (1.0, 0.25) (1.0, 0.75) (1.0, 0.33333333333333337) (0.3333333333333333, 0.33333333333333337) (1.0, 0.5) (1.0, 0.75) (0.25, 0.5) (1.0, 0.5) (1.0, 0.5) 193.86674415
(1.0, 0.25) (1.0, 0.33333333333333337) (0.5, 0.4) (0.5, 0.30000000000000004) (0.5, 0.75) (1.0, 0.6) (0.5, 0.8) (0.5, 0.25) (1.0, 0.25) (0.5, 0.33333333333333337) (0.5, 0.25) (0.5, 0.25) (0.5, 0.75) (0.5, 0.33333333333333337) (0.5, 0.6666666666666667) (0.5, 0.75) (0.5, 0.5) (0.5, 0.5) (0.5, 0.5) (0.3333333333333333, 0.5) 24.24894654
(0.5, 0.75) (0.5, 0.6666666666666667) (0.5, 0.6) (0.5, 0.9) (0.5, 0.75) (1.0, 0.19999999999999996) (0.5, 0.8) (0.3333333333333333, 0.75) (0.5, 0.75) (0.5, 0.6666666666666667) (0.5, 0.25) (0.5, 0.25) (0.5, 0.75) (0.5, 0.33333333333333337) (0.3333333333333333, 0.6666666666666667) (0.5, 0.75) (0.5, 0.5) (0.5, 0.5) (0.5, 0.5) (0.5, 0.5) 37.87735882
(1.0, 0.5) (1.0, 0.6666666666666667) (0.5, 0.19999999999999996) (1.0, 0.19999999999999996) (1.0, 0.25) (1.0, 0.6) (0.5, 0.8) (0.5, 0.75) (1.0, 0.25) (0.5, 0.33333333333333337) (0.5, 0.5) (0.5, 0.75) (0.5, 0.75) (0.3333333333333333, 0.6666666666666667) (0.5, 0.6666666666666667) (0.5, 0.5) (0.5, 0.75) (0.5, 0.5) (0.5, 0.5) (0.5, 0.5) 3.14850687
(0.5, 0.75) (0.5, 0.6666666666666667) (0.5, 0.4) (1.0, 0.09999999999999998) (0.5, 0.75) (1.0, 0.19999999999999996) (0.5, 0.8) (0.3333333333333333, 0.75) (0.5, 0.75) (0.3333333333333333, 0.6666666666666667) (0.5, 0.25) (0.5, 0.75) (0.5, 0.75) (0.3333333333333333, 0.6666666666666667) (0.3333333333333333, 0.6666666666666667) (0.5, 0.25) (0.3333333333333333, 0.75) (0.5, 0.5) (0.3333333333333333, 0.5) (0.3333333333333333, 0.5) 89.44011637
(1.0, 0.25) (0.5, 0.33333333333333337) (0.5, 0.6) (0.5, 0.19999999999999996) (0.5, 0.75) (0.5, 0.8) (0.3333333333333333, 0.6) (0.3333333333333333, 0.75) (0.3333333333333333, 0.75) (0.3333333333333333, 0.6666666666666667) (0.5, 0.25) (0.5, 0.5) (0.5, 0.25) (0.3333333333333333, 0.6666666666666667) (0.5, 0.33333333333333337) (0.5, 0.25) (0.5, 0.25) (0.5, 0.5) (0.3333333333333333, 0.5) (0.3333333333333333, 0.5) 94.79644455
(1.0, 0.25) (1.0, 0.33333333333333337) (0.5, 0.19999999999999996) (0.5, 0.7) (0.5, 0.25) (0.5, 0.8) (0.5, 0.19999999999999996) (0.5, 0.75) (0.5, 0.5) (0.5, 0.6666666666666667) (0.5, 0.25) (0.5, 0.75) (0.5, 0.25) (0.3333333333333333, 0.6666666666666667) (0.5, 0.6666666666666667) (0.5, 0.75) (0.5, 0.75) (0.5, 0.5) (0.5, 0.5) (0.5, 0.5) 27.56864387
(0.5, 0.75) (0.5, 0.6666666666666667) (0.5, 0.8) (0.5, 0.8) (0.5, 0.75) (1.0, 0.19999999999999996) (0.5, 0.19999999999999996) (0.5, 0.25) (0.5, 0.75) (0.3333333333333333, 0.6666666666666667) (0.5, 0.25) (0.5, 0.5) (0.5, 0.25) (0.5, 0.6666666666666667) (0.5, 0.33333333333333337) (0.5, 0.25) (0.5, 0.25) (0.3333333333333333, 0.5) (0.3333333333333333, 0.5) (0.3333333333333333, 0.5) 62.27668109
(1.0, 0.75) (1.0, 0.33333333333333337) (1.0, 0.6) (1.0, 0.5) (0.5, 0.5) (1.0, 0.8) (1.0, 0.19999999999999996) (1.0, 0.25) (1.0, 0.25) (0.25, 0.6666666666666667) (1.0, 0.25) (1.0, 0.5) (0.3333333333333333, 0.5) (0.5, 0.33333333333333337) (0.5, 0.33333333333333337) (0.5, 0.25) (1.0, 0.5) (1.0, 0.5) (0.3333333333333333, 0.5) (1.0, 0.5) 170.43143889
(1.0, 0.5) (1.0, 0.33333333333333337) (1.0, 0.19999999999999996) (0.5, 0.7) (1.0, 0.75) (1.0, 0.6) (1.0, 0.19999999999999996) (0.5, 0.75) (0.5, 0.25) (1.0, 0.33333333333333337) (1.0, 0.25) (1.0, 0.5) (1.0, 0.25) (0.5, 0.33333333333333337) (0.5, 0.6666666666666667) (1.0, 0.25) (0.5, 0.5) (0.5, 0.5) (0.5, 0.5) (0.3333333333333333, 0.5) 15.69221897
(1.0, 0.75) (1.0, 0.33333333333333337) (1.0, 0.19999999999999996) (1.0, 0.5) (1.0, 0.75) (1.0, 0.19999999999999996) (1.0, 0.6) (0.3333333333333333, 0.25) (0.5, 0.5) (1.0, 0.6666666666666667) (1.0, 0.75) (1.0, 0.25) (1.0, 0.5) (1.0, 0.33333333333333337) (1.0, 0.33333333333333337) (1.0, 0.25) (1.0, 0.75) (0.5, 0.5) (0.3333333333333333, 0.5) (1.0, 0.5) 14.44024603
(1.0, 0.25) (1.0, 0.33333333333333337) (0.5, 0.19999999999999996) (1.0, 0.09999999999999998) (1.0, 0.5) (1.0, 0.4) (0.5, 0.6) (0.5, 0.75) (0.5, 0.25) (0.5, 0.33333333333333337) (0.5, 0.25) (0.5, 0.5) (0.5, 0.75) (0.5, 0.6666666666666667) (0.5, 0.6666666666666667) (0.5, 0.75) (0.5, 0.5) (0.5, 0.5) (0.3333333333333333, 0.5) (0.5, 0.5) 22.50387555
(1.0, 0.5) (1.0, 0.33333333333333337) (1.0, 0.19999999999999996) (0.5, 0.19999999999999996) (0.3333333333333333, 0.75) (0.5, 0.19999999999999996) (0.5, 0.8) (0.3333333333333333, 0.5) (0.3333333333333333, 0.75) (0.5, 0.6666666666666667) (0.3333333333333333, 0.75) (0.5, 0.75) (0.5, 0.5) (0.5, 0.6666666666666667) (0.5, 0.33333333333333337) (0.5, 0.5) (0.5, 0.75) (0.3333333333333333, 0.5) (0.3333333333333333, 0.5) (0.5, 0.5) 75.14934100
(0.5, 0.75) (0.5, 0.6666666666666667) (0.5, 0.8) (0.5, 0.9) (0.5, 0.75) (1.0, 0.19999999999999996) (0.5, 0.19999999999999996) (0.5, 0.25) (0.5, 0.5) (0.5, 0.33333333333333337) (0.5, 0.25) (0.5, 0.75) (0.3333333333333333, 0.5) (0.5, 0.33333333333333337) (0.5, 0.33333333333333337) (0.5, 0.25) (0.5, 0.25) (0.5, 0.5) (0.3333333333333333, 0.5) (0.3333333333333333, 0.5) 51.62190216
(1.0, 0.25) (0.5, 0.6666666666666667) (0.5, 0.6) (0.5, 0.9) (0.5, 0.75) (0.5, 0.6) (0.5, 0.8) (0.5, 0.25) (0.5, 0.5) (0.5, 0.6666666666666667) (0.5, 0.25) (0.5, 0.75) (0.5, 0.5) (0.5, 0.6666666666666667) (0.5, 0.6666666666666667) (0.5, 0.25) (0.3333333333333333, 0.75) (0.5, 0.5) (0.3333333333333333, 0.5) (0.3333333333333333, 0.5) 50.73780964
(1.0, 0.5) (0.5, 0.33333333333333337) (0.5, 0.19999999999999996) (0.5, 0.5) (0.3333333333333333, 0.75) (0.5, 0.19999999999999996) (0.5, 0.19999999999999996) (0.5, 0.25) (0.3333333333333333, 0.75) (0.3333333333333333, 0.6666666666666667) (0.3333333333333333, 0.75) (0.3333333333333333, 0.75) (0.3333333333333333, 0.75) (0.3333333333333333, 0.6666666666666667) (0.3333333333333333, 0.6666666666666667) (0.3333333333333333, 0.75) (0.5, 0.5) (0.3333333333333333, 0.5) (0.3333333333333333, 0.5) (0.5, 0.5) 136.54069286
(0.5, 0.5) (0.5, 0.6666666666666667) (0.5, 0.8) (0.5, 0.8) (0.5, 0.5) (0.5, 0.4) (0.5, 0.6) (0.5, 0.5) (0.3333333333333333, 0.5) (0.5, 0.33333333333333337) (0.5, 0.5) (0.5, 0.75) (0.5, 0.25) (0.3333333333333333, 0.6666666666666667) (0.5, 0.33333333333333337) (0.5, 0.25) (0.5, 0.5) (0.5, 0.5) (0.5, 0.5) (0.5, 0.5) 41.85387930
(1.0, 0.5) (1.0, 0.33333333333333337) (0.5, 0.4) (0.5, 0.4) (0.3333333333333333, 0.75) (0.5, 0.8) (0.5, 0.4) (0.5, 0.75) (0.5, 0.5) (0.5, 0.33333333333333337) (0.5, 0.25) (0.5, 0.25) (0.3333333333333333, 0.75) (0.3333333333333333, 0.6666666666666667) (0.5, 0.6666666666666667) (0.3333333333333333, 0.75) (0.5, 0.5) (0.3333333333333333, 0.5) (0.3333333333333333, 0.5) (0.5, 0.5) 79.66045250
(1.0, 0.25) (1.0, 0.33333333333333337) (0.5, 0.19999999999999996) (0.5, 0.8) (0.5, 0.75) (0.5, 0.8) (0.5, 0.6) (1.0, 0.5) (0.5, 0.75) (0.5, 0.6666666666666667) (0.5, 0.75) (0.5, 0.75) (0.5, 0.25) (0.5, 0.33333333333333337) (0.3333333333333333, 0.6666666666666667) (0.5, 0.5) (0.5, 0.5) (0.5, 0.5) (0.5, 0.5) (0.5, 0.5) 24.92947232
(1.0, 0.25) (1.0, 0.33333333333333337) (0.5, 0.4) (0.5, 0.30000000000000004) (0.5, 0.75) (0.5, 0.8) (0.5, 0.4) (0.5, 0.25) (0.5, 0.25) (0.5, 0.33333333333333337) (0.5, 0.5) (0.5, 0.25) (0.3333333333333333, 0.75) (0.3333333333333333, 0.6666666666666667) (0.3333333333333333, 0.6666666666666667) (0.3333333333333333, 0.75) (0.5, 0.75) (0.5, 0.5) (0.5, 0.5) (0.5, 0.5) 59.18427790
(1.0, 0.25) (1.0, 0.33333333333333337) (1.0, 0.19999999999999996) (1.0, 0.09999999999999998) (0.5, 0.5) (0.5, 0.8) (1.0, 0.4) (1.0, 0.5) (0.5, 0.75) (1.0, 0.33333333333333337) (0.5, 0.75) (0.5, 0.75) (0.5, 0.5) (0.5, 0.6666666666666667) (0.5, 0.6666666666666667) (0.5, 0.75) (1.0, 0.25) (0.5, 0.5) (0.5, 0.5) (1.0, 0.5) 5.36097764
(1.0, 0.75) (1.0, 0.33333333333333337) (0.3333333333333333, 0.6) (1.0, 0.09999999999999998) (1.0, 0.75) (1.0, 0.8) (1.0, 0.8) (0.3333333333333333, 0.5) (1.0, 0.5) (1.0, 0.6666666666666667) (0.5, 0.25) (1.0, 0.5) (1.0, 0.75) (1.0, 0.6666666666666667) (1.0, 0.6666666666666667) (0.5, 0.25) (1.0, 0.75) (0.5, 0.5) (1.0, 0.5) (1.0, 0.5) 15.00795655
(1.0, 0.75) (1.0, 0.33333333333333337) (0.5, 0.19999999999999996) (0.5, 0.8) (0.5, 0.25) (0.5, 0.8) (0.5, 0.6) (0.5, 0.75) (0.5, 0.75) (0.5, 0.6666666666666667) (0.5, 0.25) (0.3333333333333333, 0.75) (0.5, 0.5) (0.3333333333333333, 0.6666666666666667) (0.5, 0.6666666666666667) (0.5, 0.25) (1.0, 0.25) (0.3333333333333333, 0.5) (0.5, 0.5) (0.5, 0.5) 43.82538290
(0.5, 0.75) (0.5, 0.6666666666666667) (0.5, 0.6) (0.5, 0.8) (0.5, 0.25) (0.5, 0.8) (0.5, 0.8) (0.5, 0.5) (0.5, 0.75) (0.5, 0.6666666666666667) (0.5, 0.25) (0.5, 0.5) (0.5, 0.75) (0.5, 0.33333333333333337) (0.5, 0.6666666666666667) (0.5, 0.5) (0.5, 0.75) (0.5, 0.5) (0.5, 0.5) (0.3333333333333333, 0.5) 30.11551194
(1.0, 0.75) (1.0, 0.33333333333333337) (0.5, 0.4) (0.5, 0.7) (0.5, 0.75) (1.0, 0.19999999999999996) (0.5, 0.6) (0.5, 0.5) (0.5, 0.25) (0.5, 0.6666666666666667) (0.5, 0.75) (0.5, 0.25) (0.5, 0.75) (0.5, 0.6666666666666667) (0.3333333333333333, 0.6666666666666667) (0.5, 0.5) (0.5, 0.75) (0.3333333333333333, 0.5) (0.3333333333333333, 0.5) (0.5, 0.5) 45.03214772
(1.0, 0.5) (1.0, 0.33333333333333337) (1.0, 0.4) (1.0, 0.19999999999999996) (1.0, 0.25) (1.0, 0.8) (0.5, 0.4) (0.5, 0.25) (0.5, 0.25) (0.25, 0.6666666666666667) (0.5, 0.25) (0.5, 0.5) (0.5, 0.5) (0.5, 0.33333333333333337) (0.5, 0.6666666666666667) (0.5, 0.25) (0.5, 0.75) (1.0, 0.5) (0.3333333333333333, 0.5) (0.3333333333333333, 0.5) 206.21471024
(1.0, 0.25) (1.0, 0.33333333333333337) (1.0, 0.19999999999999996) (1.0, 0.6) (1.0, 0.5) (1.0, 0.8) (0.5, 0.8) (0.3333333333333333, 0.75) (0.5, 0.5) (0.5, 0.33333333333333337) (0.3333333333333333, 0.75) (0.5, 0.75) (0.5, 0.5) (0.5, 0.33333333333333337) (0.5, 0.6666666666666667) (0.5, 0.25) (0.5, 0.5) (0.5, 0.5) (0.5, 0.5) (0.3333333333333333, 0.5) 33.59336989
(1.0, 0.75) (1.0, 0.6666666666666667) (0.25, 0.4) (0.3333333333333333, 0.7) (1.0, 0.5) (1.0, 0.4) (0.5, 0.6) (1.0, 0.25) (0.5, 0.25) (0.5, 0.33333333333333337) (0.5, 0.25) (1.0, 0.25) (0.5, 0.5) (0.3333333333333333, 0.33333333333333337) (0.5, 0.33333333333333337) (0.5, 0.5) (1.0, 0.25) (0.5, 0.5) (0.3333333333333333, 0.5) (0.5, 0.5) 186.74389526
(1.0, 0.75) (1.0, 0.6666666666666667) (1.0, 0.4) (1.0, 0.19999999999999996) (1.0, 0.75) (1.0, 0.8) (0.5, 0.19999999999999996) (0.5, 0.75) (1.0, 0.25) (1.0, 0.33333333333333337) (1.0, 0.25) (1.0, 0.75) (1.0, 0.5) (0.5, 0.33333333333333337) (0.5, 0.6666666666666667) (1.0, 0.5) (0.5, 0.5) (0.5, 0.5) (0.5, 0.5) (0.3333333333333333, 0.5) 14.05326811
(0.5, 0.25) (0.5, 0.6666666666666667) (0.5, 0.6) (0.5, 0.4) (0.5, 0.75) (1.0, 0.19999999999999996) (0.5, 0.19999999999999996) (0.5, 0.5) (0.5, 0.5) (0.5, 0.33333333333333337) (0.5, 0.25) (0.5, 0.75) (0.5, 0.25) (0.5, 0.33333333333333337) (0.5, 0.6666666666666667) (0.3333333333333333, 0.5) (0.3333333333333333, 0.75) (0.5, 0.5) (0.3333333333333333, 0.5) (0.5, 0.5) 51.40228179
(0.5, 0.5) (0.5, 0.6666666666666667) (1.0, 0.19999999999999996) (0.5, 0.7) (0.5, 0.75) (0.5, 0.4) (0.5, 0.4) (0.3333333333333333, 0.75) (0.5, 0.5) (0.3333333333333333, 0.6666666666666667) (0.3333333333333333, 0.75) (0.5, 0.25) (0.5, 0.75) (0.3333333333333333, 0.6666666666666667) (0.5, 0.33333333333333337) (0.3333333333333333, 0.25) (0.3333333333333333, 0.75) (0.3333333333333333, 0.5) (0.3333333333333333, 0.5) (0.3333333333333333, 0.5) 118.73610248
(1.0, 0.75) (1.0, 0.33333333333333337) (0.3333333333333333, 0.19999999999999996) (1.0, 0.19999999999999996) (0.5, 0.75) (1.0, 0.19999999999999996) (1.0, 0.19999999999999996) (1.0, 0.25) (0.5, 0.75) (0.5, 0.33333333333333337) (0.5, 0.75) (1.0, 0.5) (1.0, 0.5) (0.5, 0.33333333333333337) (1.0, 0.33333333333333337) (0.5, 0.75) (1.0, 0.75) (0.5, 0.5) (0.5, 0.5) (1.0, 0.5) 13.97857061
(1.0, 0.25) (1.0, 0.6666666666666667) (0.5, 0.19999999999999996) (0.5, 0.8) (0.5, 0.75) (1.0, 0.6) (0.5, 0.8) (0.5, 0.75) (0.3333333333333333, 0.5) (0.5, 0.6666666666666667) (0.5, 0.75) (0.5, 0.75) (0.5, 0.5) (0.5, 0.33333333333333337) (0.5, 0.6666666666666667) (0.5, 0.25) (0.5, 0.75) (0.5, 0.5) (0.5, 0.5) (0.5, 0.5) 21.86616251
(1.0, 0.25) (0.5, 0.6666666666666667) (0.3333333333333333, 0.8) (0.5, 0.5) (0.5, 0.75) (0.5, 0.8) (0.3333333333333333, 0.8) (0.5, 0.5) (0.3333333333333333, 0.75) (0.5, 0.33333333333333337) (0.5, 0.25) (0.5, 0.25) (0.3333333333333333, 0.75) (0.5, 0.33333333333333337) (0.3333333333333333, 0.6666666666666667) (0.3333333333333333, 0.75) (0.5, 0.5) (0.3333333333333333, 0.5) (0.3333333333333333, 0.5) (0.5, 0.5) 105.40947825
(1.0, 0.75) (1.0, 0.33333333333333337) (0.5, 0.19999999999999996) (0.5, 0.6) (0.5, 0.75) (1.0, 0.8) (0.5, 0.19999999999999996) (0.5, 0.25) (0.5, 0.5) (1.0, 0.33333333333333337) (0.3333333333333333, 0.5) (0.5, 0.75) (0.5, 0.5) (0.3333333333333333, 0.6666666666666667) (0.3333333333333333, 0.6666666666666667) (0.5, 0.25) (1.0, 0.75) (0.5, 0.5) (0.5, 0.5) (1.0, 0.5) 35.78406596
(1.0, 0.5) (1.0, 0.6666666666666667) (1.0, 0.8) (0.5, 0.5) (1.0, 0.75) (1.0, 0.8) (0.3333333333333333, 0.8) (0.3333333333333333, 0.75) (0.5, 0.25) (1.0, 0.33333333333333337) (1.0, 0.25) (0.5, 0.25) (1.0, 0.25) (0.5, 0.33333333333333337) (1.0, 0.33333333333333337) (0.5, 0.5) (1.0, 0.25) (0.5, 0.5) (0.5, 0.5) (0.3333333333333333, 0.5) 27.69282995
(1.0, 0.75) (1.0, 0.6666666666666667) (0.3333333333333333, 0.19999999999999996) (0.3333333333333333, 0.19999999999999996) (1.0, 0.75) (1.0, 0.8) (1.0, 0.19999999999999996) (1.0, 0.5) (0.3333333333333333, 0.75) (1.0, 0.33333333333333337) (0.5, 0.25) (1.0, 0.25) (1.0, 0.25) (0.3333333333333333, 0.6666666666666667) (0.3333333333333333, 0.33333333333333337) (0.3333333333333333, 0.75) (1.0, 0.75) (1.0, 0.5) (0.3333333333333333, 0.5) (1.0, 0.5) 49.80371238
(1.0, 0.75) (1.0, 0.33333333333333337) (0.5, 0.4) (1.0, 0.09999999999999998) (0.5, 0.25) (1.0, 0.6) (0.5, 0.4) (0.3333333333333333, 0.5) (1.0, 0.25) (0.3333333333333333, 0.6666666666666667) (0.5, 0.75) (0.5, 0.75) (1.0, 0.25) (1.0, 0.33333333333333337) (1.0, 0.6666666666666667) (0.5, 0.25) (1.0, 0.75) (0.5, 0.5) (0.5, 0.5) (0.3333333333333333, 0.5) 27.71081519
(1.0, 0.5) (0.5, 0.33333333333333337) (0.5, 0.19999999999999996) (0.5, 0.7) (0.5, 0.25) (0.5, 0.8) (0.5, 0.4) (0.5, 0.5) (0.5, 0.25) (0.5, 0.33333333333333337) (0.5, 0.25) (0.3333333333333333, 0.75) (0.3333333333333333, 0.75) (0.3333333333333333, 0.6666666666666667) (0.5, 0.33333333333333337) (0.3333333333333333, 0.75) (0.5, 0.75) (0.3333333333333333, 0.5) (0.3333333333333333, 0.5) (0.5, 0.5) 82.08982112
(0.5, 0.75) (1.0, 0.33333333333333337) (0.5, 0.6) (0.5, 0.9) (0.5, 0.75) (0.5, 0.6) (0.5, 0.19999999999999996) (0.3333333333333333, 0.5) (0.5, 0.25) (0.5, 0.33333333333333337) (0.5, 0.5) (0.5, 0.5) (0.5, 0.25) (0.3333333333333333, 0.6666666666666667) (0.5, 0.6666666666666667) (0.5, 0.25) (0.5, 0.25) (0.5, 0.5) (0.5, 0.5) (0.3333333333333333, 0.5) 51.51387813
(1.0, 0.5) (0.5, 0.6666666666666667) (0.5, 0.19999999999999996) (0.5, 0.7) (0.5, 0.75) (0.5, 0.6) (0.5, 0.6) (0.5, 0.75) (0.5, 0.25) (0.5, 0.6666666666666667) (0.5, 0.5) (0.5, 0.25) (0.5, 0.5) (0.5, 0.33333333333333337) (0.5, 0.33333333333333337) (0.5, 0.75) (0.5, 0.75) (0.5, 0.5) (0.5, 0.5) (0.5, 0.5) 9.97513071
(1.0, 0.75) (0.3333333333333333, 0.33333333333333337) (1.0, 0.4) (1.0, 0.30000000000000004) (1.0, 0.75) (1.0, 0.4) (0.5, 0.4) (1.0, 0.75) (0.5, 0.75) (1.0, 0.6666666666666667) (0.5, 0.25) (1.0, 0.25) (0.5, 0.5) (0.5, 0.6666666666666667) (1.0, 0.33333333333333337) (0.5, 0.75) (1.0, 0.75) (0.3333333333333333, 0.5) (1.0, 0.5) (1.0, 0.5) 18.13359012
(1.0, 0.25) (1.0, 0.33333333333333337) (0.5, 0.6) (1.0, 0.09999999999999998) (1.0, 0.25) (1.0, 0.6) (0.5, 0.8) (0.5, 0.5) (0.3333333333333333, 0.75) (0.5, 0.33333333333333337) (0.5, 0.75) (0.5, 0.5) (0.5, 0.75) (0.5, 0.6666666666666667) (0.5, 0.33333333333333337) (0.5, 0.75) (0.5, 0.75) (0.3333333333333333, 0.5) (0.5, 0.5) (0.5, 0.5) 29.59774612
(0.5, 0.75) (0.5, 0.6666666666666667) (0.5, 0.6) (0.5, 0.8) (0.5, 0.75) (1.0, 0.19999999999999996) (0.5, 0.4) (0.5, 0.75) (0.5, 0.75) (0.5, 0.33333333333333337) (0.5, 0.25) (0.5, 0.5) (0.5, 0.25) (0.5, 0.6666666666666667) (0.3333333333333333, 0.6666666666666667) (0.5, 0.25) (0.5, 0.75) (0.5, 0.5) (0.5, 0.5) (0.5, 0.5) 28.34829496
(1.0, 0.75) (0.5, 0.6666666666666667) (0.5, 0.19999999999999996) (0.3333333333333333, 0.19999999999999996) (0.5, 0.75) (1.0, 0.19999999999999996) (0.3333333333333333, 0.6) (1.0, 0.25) (0.5, 0.25) (0.5, 0.33333333333333337) (0.3333333333333333, 0.75) (0.5, 0.75) (0.3333333333333333, 0.75) (0.5, 0.6666666666666667) (0.5, 0.6666666666666667) (0.5, 0.5) (1.0, 0.25) (0.3333333333333333, 0.5) (0.5, 0.5) (0.5, 0.5) 58.06916227
(1.0, 0.25) (1.0, 0.6666666666666667) (0.5, 0.4) (1.0, 0.09999999999999998) (0.5, 0.75) (1.0, 0.6) (0.5, 0.6) (0.3333333333333333, 0.75) (0.3333333333333333, 0.5) (0.5, 0.33333333333333337) (0.5, 0.25) (0.5, 0.75) (0.5, 0.25) (0.5, 0.33333333333333337) (0.5, 0.6666666666666667) (0.3333333333333333, 0.5) (0.5, 0.5) (0.3333333333333333, 0.5) (0.5, 0.5) (0.5, 0.5) 50.43353188
(1.0, 0.25) (1.0, 0.33333333333333337) (1.0, 0.19999999999999996) (1.0, 0.09999999999999998) (0.5, 0.5) (1.0, 0.19999999999999996) (0.5, 0.4) (0.3333333333333333, 0.5) (0.3333333333333333, 0.75) (0.5, 0.33333333333333337) (0.3333333333333333, 0.75) (0.5, 0.25) (0.5, 0.75) (0.5, 0.6666666666666667) (0.5, 0.6666666666666667) (0.5, 0.5) (0.5, 0.25) (0.5, 0.5) (0.5, 0.5) (0.5, 0.5) 41.67123533
(0.5, 0.75) (0.5, 0.6666666666666667) (0.5, 0.19999999999999996) (0.5, 0.9) (0.5, 0.75) (0.5, 0.8) (0.5, 0.19999999999999996) (0.5, 0.75) (0.3333333333333333, 0.75) (0.5, 0.6666666666666667) (0.5, 0.25) (0.5, 0.75) (0.5, 0.25) (0.3333333333333333, 0.6666666666666667) (0.5, 0.6666666666666667) (0.3333333333333333, 0.75) (0.3333333333333333, 0.75) (0.3333333333333333, 0.5) (0.3333333333333333, 0.5) (0.5, 0.5) 87.91362550
