Recency Frequency Monetary Time Runtime
(0.25, 0.22593582887700536) (0.5, 0.22994652406417115) (0.5, 0.22994652406417115) (0.0, 0.0) 0.84586383
(0.3333333333333333, 0.22593582887700536) (0.3333333333333333, 0.22994652406417115) (0.3333333333333333, 0.22994652406417115) (0.3333333333333333, 0.625668449197861) 0.49209029
(0.25, 0.22593582887700536) (0.5, 0.22994652406417115) (0.5, 0.22994652406417115) (0.0, 0.0) 0.40451269
(0.25, 0.22593582887700536) (0.5, 0.22994652406417115) (0.5, 0.22994652406417115) (0.0, 0.0) 0.40471222
(0.25, 0.22593582887700536) (0.3333333333333333, 0.22994652406417115) (0.3333333333333333, 0.22994652406417115) (0.3333333333333333, 0.625668449197861) 0.31478557
(0.25, 0.22593582887700536) (0.5, 0.22994652406417115) (0.5, 0.22994652406417115) (0.0, 0.0) 0.11025155
(0.3333333333333333, 0.22593582887700536) (0.3333333333333333, 0.22994652406417115) (0.3333333333333333, 0.22994652406417115) (0.3333333333333333, 0.625668449197861) 0.26238253
(0.25, 0.22593582887700536) (0.5, 0.22994652406417115) (0.5, 0.22994652406417115) (0.0, 0.0) 0.06790028
(0.25, 0.22593582887700536) (0.5, 0.22994652406417115) (0.5, 0.22994652406417115) (0.0, 0.0) 0.06781357
(0.25, 0.22593582887700536) (0.3333333333333333, 0.22994652406417115) (0.3333333333333333, 0.22994652406417115) (0.3333333333333333, 0.625668449197861) 0.17078863
(0.25, 0.22593582887700536) (0.5, 0.22994652406417115) (0.5, 0.22994652406417115) (0.0, 0.0) 0.11014276
(0.3333333333333333, 0.22593582887700536) (0.3333333333333333, 0.22994652406417115) (0.3333333333333333, 0.22994652406417115) (0.3333333333333333, 0.625668449197861) 0.26115658
(0.25, 0.22593582887700536) (0.5, 0.22994652406417115) (0.5, 0.22994652406417115) (0.0, 0.0) 0.06761914
(0.25, 0.22593582887700536) (0.5, 0.22994652406417115) (0.5, 0.22994652406417115) (0.0, 0.0) 0.06755584
(0.25, 0.22593582887700536) (0.3333333333333333, 0.22994652406417115) (0.3333333333333333, 0.22994652406417115) (0.3333333333333333, 0.625668449197861) 0.17133292
(0.3333333333333333, 0.22593582887700536) (1.0, 0.22994652406417115) (0.0, 0.0) (0.0, 0.0) 0.36420727
(0.5, 0.22593582887700536) (0.5, 0.22994652406417115) (0.0, 0.0) (0.5, 0.625668449197861) 0.05561297
(0.3333333333333333, 0.22593582887700536) (1.0, 0.22994652406417115) (0.0, 0.0) (0.0, 0.0) 0.06945244
(0.3333333333333333, 0.22593582887700536) (1.0, 0.22994652406417115) (0.0, 0.0) (0.0, 0.0) 0.06945745
(0.3333333333333333, 0.22593582887700536) (0.5, 0.22994652406417115) (0.0, 0.0) (0.5, 0.625668449197861) 0.06415866
(0.25, 0.22593582887700536) (0.5, 0.22994652406417115) (0.5, 0.22994652406417115) (0.0, 0.0) 0.10984932
(0.3333333333333333, 0.22593582887700536) (0.3333333333333333, 0.22994652406417115) (0.3333333333333333, 0.22994652406417115) (0.3333333333333333, 0.625668449197861) 0.21396155
(0.25, 0.22593582887700536) (0.5, 0.22994652406417115) (0.5, 0.22994652406417115) (0.0, 0.0) 0.06791856
(0.25, 0.22593582887700536) (0.5, 0.22994652406417115) (0.5, 0.22994652406417115) (0.0, 0.0) 0.06794700
(0.25, 0.22593582887700536) (0.3333333333333333, 0.22994652406417115) (0.3333333333333333, 0.22994652406417115) (0.3333333333333333, 0.625668449197861) 0.12362409
(0.25, 0.22593582887700536) (0.5, 0.22994652406417115) (0.5, 0.22994652406417115) (0.0, 0.0) 0.08884380
(0.3333333333333333, 0.22593582887700536) (0.3333333333333333, 0.22994652406417115) (0.3333333333333333, 0.22994652406417115) (0.3333333333333333, 0.625668449197861) 0.11914817
(0.25, 0.22593582887700536) (0.5, 0.22994652406417115) (0.5, 0.22994652406417115) (0.0, 0.0) 0.06779597
(0.25, 0.22593582887700536) (0.5, 0.22994652406417115) (0.5, 0.22994652406417115) (0.0, 0.0) 0.06765753
(0.25, 0.22593582887700536) (0.3333333333333333, 0.22994652406417115) (0.3333333333333333, 0.22994652406417115) (0.3333333333333333, 0.625668449197861) 0.08136901
(0.25, 0.22593582887700536) (0.5, 0.22994652406417115) (0.5, 0.22994652406417115) (0.0, 0.0) 0.08867176
(0.3333333333333333, 0.22593582887700536) (0.3333333333333333, 0.22994652406417115) (0.3333333333333333, 0.22994652406417115) (0.3333333333333333, 0.625668449197861) 0.11925547
(0.25, 0.22593582887700536) (0.5, 0.22994652406417115) (0.5, 0.22994652406417115) (0.0, 0.0) 0.06770370
(0.25, 0.22593582887700536) (0.5, 0.22994652406417115) (0.5, 0.22994652406417115) (0.0, 0.0) 0.06777287
(0.25, 0.22593582887700536) (0.3333333333333333, 0.22994652406417115) (0.3333333333333333, 0.22994652406417115) (0.3333333333333333, 0.625668449197861) 0.08142445
(0.3333333333333333, 0.22593582887700536) (1.0, 0.22994652406417115) (0.0, 0.0) (0.0, 0.0) 0.06950924
(0.5, 0.22593582887700536) (0.5, 0.22994652406417115) (0.0, 0.0) (0.5, 0.625668449197861) 0.05529790
(0.3333333333333333, 0.22593582887700536) (1.0, 0.22994652406417115) (0.0, 0.0) (0.0, 0.0) 0.06960680
(0.3333333333333333, 0.22593582887700536) (1.0, 0.22994652406417115) (0.0, 0.0) (0.0, 0.0) 0.06953305
(0.3333333333333333, 0.22593582887700536) (0.5, 0.22994652406417115) (0.0, 0.0) (0.5, 0.625668449197861) 0.06400962
(0.25, 0.22593582887700536) (0.5, 0.22994652406417115) (0.5, 0.22994652406417115) (0.0, 0.0) 0.10971983
(0.3333333333333333, 0.22593582887700536) (0.3333333333333333, 0.22994652406417115) (0.3333333333333333, 0.22994652406417115) (0.3333333333333333, 0.625668449197861) 0.21340884
(0.25, 0.22593582887700536) (0.5, 0.22994652406417115) (0.5, 0.22994652406417115) (0.0, 0.0) 0.06754339
(0.25, 0.22593582887700536) (0.5, 0.22994652406417115) (0.5, 0.22994652406417115) (0.0, 0.0) 0.06735497
(0.25, 0.22593582887700536) (0.3333333333333333, 0.22994652406417115) (0.3333333333333333, 0.22994652406417115) (0.3333333333333333, 0.625668449197861) 0.12357895
(0.25, 0.22593582887700536) (0.5, 0.22994652406417115) (0.5, 0.22994652406417115) (0.0, 0.0) 0.08879599
(0.3333333333333333, 0.22593582887700536) (0.3333333333333333, 0.22994652406417115) (0.3333333333333333, 0.22994652406417115) (0.3333333333333333, 0.625668449197861) 0.11928438
(0.25, 0.22593582887700536) (0.5, 0.22994652406417115) (0.5, 0.22994652406417115) (0.0, 0.0) 0.06773883
(0.25, 0.22593582887700536) (0.5, 0.22994652406417115) (0.5, 0.22994652406417115) (0.0, 0.0) 0.06764646
(0.25, 0.22593582887700536) (0.3333333333333333, 0.22994652406417115) (0.3333333333333333, 0.22994652406417115) (0.3333333333333333, 0.625668449197861) 0.08133166
(0.25, 0.22593582887700536) (0.5, 0.22994652406417115) (0.5, 0.22994652406417115) (0.0, 0.0) 0.08879691
(0.3333333333333333, 0.22593582887700536) (0.3333333333333333, 0.22994652406417115) (0.3333333333333333, 0.22994652406417115) (0.3333333333333333, 0.625668449197861) 0.11936069
(0.25, 0.22593582887700536) (0.5, 0.22994652406417115) (0.5, 0.22994652406417115) (0.0, 0.0) 0.06793881
(0.25, 0.22593582887700536) (0.5, 0.22994652406417115) (0.5, 0.22994652406417115) (0.0, 0.0) 0.06788145
(0.25, 0.22593582887700536) (0.3333333333333333, 0.22994652406417115) (0.3333333333333333, 0.22994652406417115) (0.3333333333333333, 0.625668449197861) 0.08162962
(0.3333333333333333, 0.22593582887700536) (1.0, 0.22994652406417115) (0.0, 0.0) (0.0, 0.0) 0.06943033
(0.5, 0.22593582887700536) (0.5, 0.22994652406417115) (0.0, 0.0) (0.5, 0.625668449197861) 0.05532904
(0.3333333333333333, 0.22593582887700536) (1.0, 0.22994652406417115) (0.0, 0.0) (0.0, 0.0) 0.06947572
(0.3333333333333333, 0.22593582887700536) (1.0, 0.22994652406417115) (0.0, 0.0) (0.0, 0.0) 0.06962648
(0.3333333333333333, 0.22593582887700536) (0.5, 0.22994652406417115) (0.0, 0.0) (0.5, 0.625668449197861) 0.06413578
(0.3333333333333333, 0.22593582887700536) (0.0, 0.0) (1.0, 0.22994652406417115) (0.0, 0.0) 0.31360800
(0.5, 0.22593582887700536) (0.0, 0.0) (0.5, 0.22994652406417115) (0.5, 0.625668449197861) 0.05548966
(0.3333333333333333, 0.22593582887700536) (0.0, 0.0) (1.0, 0.22994652406417115) (0.0, 0.0) 0.06971021
(0.3333333333333333, 0.22593582887700536) (0.0, 0.0) (1.0, 0.22994652406417115) (0.0, 0.0) 0.06979115
(0.3333333333333333, 0.22593582887700536) (0.0, 0.0) (0.5, 0.22994652406417115) (0.5, 0.625668449197861) 0.06425955
(0.3333333333333333, 0.22593582887700536) (0.0, 0.0) (1.0, 0.22994652406417115) (0.0, 0.0) 0.06952117
(0.5, 0.22593582887700536) (0.0, 0.0) (0.5, 0.22994652406417115) (0.5, 0.625668449197861) 0.05541600
(0.3333333333333333, 0.22593582887700536) (0.0, 0.0) (1.0, 0.22994652406417115) (0.0, 0.0) 0.06968818
(0.3333333333333333, 0.22593582887700536) (0.0, 0.0) (1.0, 0.22994652406417115) (0.0, 0.0) 0.06973191
(0.3333333333333333, 0.22593582887700536) (0.0, 0.0) (0.5, 0.22994652406417115) (0.5, 0.625668449197861) 0.06433448
(0.3333333333333333, 0.22593582887700536) (0.0, 0.0) (1.0, 0.22994652406417115) (0.0, 0.0) 0.06982242
(0.5, 0.22593582887700536) (0.0, 0.0) (0.5, 0.22994652406417115) (0.5, 0.625668449197861) 0.05538835
(0.3333333333333333, 0.22593582887700536) (0.0, 0.0) (1.0, 0.22994652406417115) (0.0, 0.0) 0.06949180
(0.3333333333333333, 0.22593582887700536) (0.0, 0.0) (1.0, 0.22994652406417115) (0.0, 0.0) 0.06970092
(0.3333333333333333, 0.22593582887700536) (0.0, 0.0) (0.5, 0.22994652406417115) (0.5, 0.625668449197861) 0.06423271
(1.0, 0.22593582887700536) (0.0, 0.0) (0.0, 0.0) (1.0, 0.625668449197861) 0.05334498
(0.5, 0.22593582887700536) (0.0, 0.0) (0.0, 0.0) (1.0, 0.625668449197861) 0.06094291
(0.0, 0.0) (0.5, 0.22994652406417115) (0.5, 0.22994652406417115) (0.0, 0.0) 0.27354557
(0.0, 0.0) (0.5, 0.22994652406417115) (0.5, 0.22994652406417115) (0.25, 0.625668449197861) 0.07605611
(0.0, 0.0) (0.5, 0.22994652406417115) (0.5, 0.22994652406417115) (0.0, 0.0) 0.07333987
(0.0, 0.0) (0.5, 0.22994652406417115) (0.5, 0.22994652406417115) (0.0, 0.0) 0.07326200
(0.0, 0.0) (0.3333333333333333, 0.22994652406417115) (0.3333333333333333, 0.22994652406417115) (0.3333333333333333, 0.8048128342245989) 0.08450292
(0.0, 0.0) (0.5, 0.22994652406417115) (0.5, 0.22994652406417115) (0.0, 0.0) 0.07060979
(0.0, 0.0) (0.5, 0.22994652406417115) (0.5, 0.22994652406417115) (0.25, 0.625668449197861) 0.06810882
(0.0, 0.0) (0.5, 0.22994652406417115) (0.5, 0.22994652406417115) (0.0, 0.0) 0.07063111
(0.0, 0.0) (0.5, 0.22994652406417115) (0.5, 0.22994652406417115) (0.0, 0.0) 0.07054261
(0.0, 0.0) (0.3333333333333333, 0.22994652406417115) (0.3333333333333333, 0.22994652406417115) (0.3333333333333333, 0.8048128342245989) 0.08175742
(0.0, 0.0) (0.5, 0.22994652406417115) (0.5, 0.22994652406417115) (0.0, 0.0) 0.07078667
(0.0, 0.0) (0.5, 0.22994652406417115) (0.5, 0.22994652406417115) (0.25, 0.625668449197861) 0.06808272
(0.0, 0.0) (0.5, 0.22994652406417115) (0.5, 0.22994652406417115) (0.0, 0.0) 0.07062228
(0.0, 0.0) (0.5, 0.22994652406417115) (0.5, 0.22994652406417115) (0.0, 0.0) 0.07056739
(0.0, 0.0) (0.3333333333333333, 0.22994652406417115) (0.3333333333333333, 0.22994652406417115) (0.3333333333333333, 0.8048128342245989) 0.08172742
(0.0, 0.0) (1.0, 0.22994652406417115) (0.0, 0.0) (0.0, 0.0) 0.07389254
(0.0, 0.0) (1.0, 0.22994652406417115) (0.0, 0.0) (0.3333333333333333, 0.625668449197861) 0.06958587
(0.0, 0.0) (1.0, 0.22994652406417115) (0.0, 0.0) (0.0, 0.0) 0.07385987
(0.0, 0.0) (1.0, 0.22994652406417115) (0.0, 0.0) (0.0, 0.0) 0.07403710
(0.0, 0.0) (0.5, 0.22994652406417115) (0.0, 0.0) (0.5, 0.8048128342245989) 0.06844653
(0.0, 0.0) (0.5, 0.22994652406417115) (0.5, 0.22994652406417115) (0.0, 0.0) 0.07063987
(0.0, 0.0) (0.5, 0.22994652406417115) (0.5, 0.22994652406417115) (0.25, 0.625668449197861) 0.06823286
(0.0, 0.0) (0.5, 0.22994652406417115) (0.5, 0.22994652406417115) (0.0, 0.0) 0.07050695
(0.0, 0.0) (0.5, 0.22994652406417115) (0.5, 0.22994652406417115) (0.0, 0.0) 0.07059474
(0.0, 0.0) (0.3333333333333333, 0.22994652406417115) (0.3333333333333333, 0.22994652406417115) (0.3333333333333333, 0.8048128342245989) 0.08151601
(0.0, 0.0) (0.5, 0.22994652406417115) (0.5, 0.22994652406417115) (0.0, 0.0) 0.06791110
(0.0, 0.0) (0.5, 0.22994652406417115) (0.5, 0.22994652406417115) (0.25, 0.625668449197861) 0.06790323
(0.0, 0.0) (0.5, 0.22994652406417115) (0.5, 0.22994652406417115) (0.0, 0.0) 0.06798369
(0.0, 0.0) (0.5, 0.22994652406417115) (0.5, 0.22994652406417115) (0.0, 0.0) 0.06794627
(0.0, 0.0) (0.3333333333333333, 0.22994652406417115) (0.3333333333333333, 0.22994652406417115) (0.3333333333333333, 0.8048128342245989) 0.08149325
(0.0, 0.0) (0.5, 0.22994652406417115) (0.5, 0.22994652406417115) (0.0, 0.0) 0.06800317
(0.0, 0.0) (0.5, 0.22994652406417115) (0.5, 0.22994652406417115) (0.25, 0.625668449197861) 0.06792203
(0.0, 0.0) (0.5, 0.22994652406417115) (0.5, 0.22994652406417115) (0.0, 0.0) 0.06791595
(0.0, 0.0) (0.5, 0.22994652406417115) (0.5, 0.22994652406417115) (0.0, 0.0) 0.06803972
(0.0, 0.0) (0.3333333333333333, 0.22994652406417115) (0.3333333333333333, 0.22994652406417115) (0.3333333333333333, 0.8048128342245989) 0.08170244
(0.0, 0.0) (1.0, 0.22994652406417115) (0.0, 0.0) (0.0, 0.0) 0.07390407
(0.0, 0.0) (1.0, 0.22994652406417115) (0.0, 0.0) (0.3333333333333333, 0.625668449197861) 0.06944271
(0.0, 0.0) (1.0, 0.22994652406417115) (0.0, 0.0) (0.0, 0.0) 0.07385192
(0.0, 0.0) (1.0, 0.22994652406417115) (0.0, 0.0) (0.0, 0.0) 0.07364804
(0.0, 0.0) (0.5, 0.22994652406417115) (0.0, 0.0) (0.5, 0.8048128342245989) 0.06843374
(0.0, 0.0) (0.5, 0.22994652406417115) (0.5, 0.22994652406417115) (0.0, 0.0) 0.07059853
(0.0, 0.0) (0.5, 0.22994652406417115) (0.5, 0.22994652406417115) (0.25, 0.625668449197861) 0.06808301
(0.0, 0.0) (0.5, 0.22994652406417115) (0.5, 0.22994652406417115) (0.0, 0.0) 0.07070515
(0.0, 0.0) (0.5, 0.22994652406417115) (0.5, 0.22994652406417115) (0.0, 0.0) 0.07067942
(0.0, 0.0) (0.3333333333333333, 0.22994652406417115) (0.3333333333333333, 0.22994652406417115) (0.3333333333333333, 0.8048128342245989) 0.08176621
(0.0, 0.0) (0.5, 0.22994652406417115) (0.5, 0.22994652406417115) (0.0, 0.0) 0.06792220
(0.0, 0.0) (0.5, 0.22994652406417115) (0.5, 0.22994652406417115) (0.25, 0.625668449197861) 0.06806638
(0.0, 0.0) (0.5, 0.22994652406417115) (0.5, 0.22994652406417115) (0.0, 0.0) 0.06788927
(0.0, 0.0) (0.5, 0.22994652406417115) (0.5, 0.22994652406417115) (0.0, 0.0) 0.06809742
(0.0, 0.0) (0.3333333333333333, 0.22994652406417115) (0.3333333333333333, 0.22994652406417115) (0.3333333333333333, 0.8048128342245989) 0.08168670
(0.0, 0.0) (0.5, 0.22994652406417115) (0.5, 0.22994652406417115) (0.0, 0.0) 0.06799243
(0.0, 0.0) (0.5, 0.22994652406417115) (0.5, 0.22994652406417115) (0.25, 0.625668449197861) 0.06809765
(0.0, 0.0) (0.5, 0.22994652406417115) (0.5, 0.22994652406417115) (0.0, 0.0) 0.06784831
(0.0, 0.0) (0.5, 0.22994652406417115) (0.5, 0.22994652406417115) (0.0, 0.0) 0.06797544
(0.0, 0.0) (0.3333333333333333, 0.22994652406417115) (0.3333333333333333, 0.22994652406417115) (0.3333333333333333, 0.8048128342245989) 0.08170452
(0.0, 0.0) (1.0, 0.22994652406417115) (0.0, 0.0) (0.0, 0.0) 0.07364232
(0.0, 0.0) (1.0, 0.22994652406417115) (0.0, 0.0) (0.3333333333333333, 0.625668449197861) 0.06945402
(0.0, 0.0) (1.0, 0.22994652406417115) (0.0, 0.0) (0.0, 0.0) 0.07364925
(0.0, 0.0) (1.0, 0.22994652406417115) (0.0, 0.0) (0.0, 0.0) 0.07384707
(0.0, 0.0) (0.5, 0.22994652406417115) (0.0, 0.0) (0.5, 0.8048128342245989) 0.06830988
(0.0, 0.0) (0.0, 0.0) (1.0, 0.22994652406417115) (0.0, 0.0) 0.07379191
(0.0, 0.0) (0.0, 0.0) (1.0, 0.22994652406417115) (0.3333333333333333, 0.625668449197861) 0.06948660
(0.0, 0.0) (0.0, 0.0) (1.0, 0.22994652406417115) (0.0, 0.0) 0.07386628
(0.0, 0.0) (0.0, 0.0) (1.0, 0.22994652406417115) (0.0, 0.0) 0.07409755
(0.0, 0.0) (0.0, 0.0) (0.5, 0.22994652406417115) (0.5, 0.8048128342245989) 0.06848542
(0.0, 0.0) (0.0, 0.0) (1.0, 0.22994652406417115) (0.0, 0.0) 0.07372876
(0.0, 0.0) (0.0, 0.0) (1.0, 0.22994652406417115) (0.3333333333333333, 0.625668449197861) 0.06946958
(0.0, 0.0) (0.0, 0.0) (1.0, 0.22994652406417115) (0.0, 0.0) 0.07379948
(0.0, 0.0) (0.0, 0.0) (1.0, 0.22994652406417115) (0.0, 0.0) 0.07379007
(0.0, 0.0) (0.0, 0.0) (0.5, 0.22994652406417115) (0.5, 0.8048128342245989) 0.06833823
(0.0, 0.0) (0.0, 0.0) (1.0, 0.22994652406417115) (0.0, 0.0) 0.07373828
(0.0, 0.0) (0.0, 0.0) (1.0, 0.22994652406417115) (0.3333333333333333, 0.625668449197861) 0.06944525
(0.0, 0.0) (0.0, 0.0) (1.0, 0.22994652406417115) (0.0, 0.0) 0.07362217
(0.0, 0.0) (0.0, 0.0) (1.0, 0.22994652406417115) (0.0, 0.0) 0.07378802
(0.0, 0.0) (0.0, 0.0) (0.5, 0.22994652406417115) (0.5, 0.8048128342245989) 0.06855743
(0.0, 0.0) (0.0, 0.0) (0.0, 0.0) (1.0, 0.8048128342245989) 0.07393515
(0.3333333333333333, 0.47593582887700536) (0.3333333333333333, 0.22994652406417115) (0.3333333333333333, 0.22994652406417115) (0.0, 0.0) 0.22440686
(0.3333333333333333, 0.22593582887700536) (0.3333333333333333, 0.22994652406417115) (0.3333333333333333, 0.22994652406417115) (0.25, 0.625668449197861) 0.10559301
(0.3333333333333333, 0.47593582887700536) (0.3333333333333333, 0.22994652406417115) (0.3333333333333333, 0.22994652406417115) (0.0, 0.0) 0.11608716
(0.3333333333333333, 0.47593582887700536) (0.3333333333333333, 0.22994652406417115) (0.3333333333333333, 0.22994652406417115) (0.0, 0.0) 0.11606220
(0.25, 0.47593582887700536) (0.25, 0.22994652406417115) (0.25, 0.22994652406417115) (0.25, 0.8048128342245989) 0.12756128
(0.3333333333333333, 0.47593582887700536) (0.3333333333333333, 0.22994652406417115) (0.3333333333333333, 0.22994652406417115) (0.0, 0.0) 0.09476931
(0.3333333333333333, 0.22593582887700536) (0.3333333333333333, 0.22994652406417115) (0.3333333333333333, 0.22994652406417115) (0.25, 0.625668449197861) 0.08195134
(0.3333333333333333, 0.47593582887700536) (0.3333333333333333, 0.22994652406417115) (0.3333333333333333, 0.22994652406417115) (0.0, 0.0) 0.08724761
(0.3333333333333333, 0.47593582887700536) (0.3333333333333333, 0.22994652406417115) (0.3333333333333333, 0.22994652406417115) (0.0, 0.0) 0.08716325
(0.25, 0.47593582887700536) (0.25, 0.22994652406417115) (0.25, 0.22994652406417115) (0.25, 0.8048128342245989) 0.09544748
(0.3333333333333333, 0.47593582887700536) (0.3333333333333333, 0.22994652406417115) (0.3333333333333333, 0.22994652406417115) (0.0, 0.0) 0.09509348
(0.3333333333333333, 0.22593582887700536) (0.3333333333333333, 0.22994652406417115) (0.3333333333333333, 0.22994652406417115) (0.25, 0.625668449197861) 0.08184791
(0.3333333333333333, 0.47593582887700536) (0.3333333333333333, 0.22994652406417115) (0.3333333333333333, 0.22994652406417115) (0.0, 0.0) 0.08684647
(0.3333333333333333, 0.47593582887700536) (0.3333333333333333, 0.22994652406417115) (0.3333333333333333, 0.22994652406417115) (0.0, 0.0) 0.08677077
(0.25, 0.47593582887700536) (0.25, 0.22994652406417115) (0.25, 0.22994652406417115) (0.25, 0.8048128342245989) 0.09551336
(0.5, 0.47593582887700536) (0.5, 0.22994652406417115) (0.0, 0.0) (0.0, 0.0) 0.06832220
(0.5, 0.22593582887700536) (0.5, 0.22994652406417115) (0.0, 0.0) (0.3333333333333333, 0.625668449197861) 0.06431250
(0.5, 0.47593582887700536) (0.5, 0.22994652406417115) (0.0, 0.0) (0.0, 0.0) 0.06832830
(0.5, 0.47593582887700536) (0.5, 0.22994652406417115) (0.0, 0.0) (0.0, 0.0) 0.06848725
(0.3333333333333333, 0.47593582887700536) (0.3333333333333333, 0.22994652406417115) (0.0, 0.0) (0.3333333333333333, 0.8048128342245989) 0.08215256
(0.3333333333333333, 0.47593582887700536) (0.3333333333333333, 0.22994652406417115) (0.3333333333333333, 0.22994652406417115) (0.0, 0.0) 0.09509365
(0.3333333333333333, 0.22593582887700536) (0.3333333333333333, 0.22994652406417115) (0.3333333333333333, 0.22994652406417115) (0.25, 0.625668449197861) 0.08165760
(0.3333333333333333, 0.47593582887700536) (0.3333333333333333, 0.22994652406417115) (0.3333333333333333, 0.22994652406417115) (0.0, 0.0) 0.08681733
(0.3333333333333333, 0.47593582887700536) (0.3333333333333333, 0.22994652406417115) (0.3333333333333333, 0.22994652406417115) (0.0, 0.0) 0.08695930
(0.25, 0.47593582887700536) (0.25, 0.22994652406417115) (0.25, 0.22994652406417115) (0.25, 0.8048128342245989) 0.09534924
(0.3333333333333333, 0.47593582887700536) (0.3333333333333333, 0.22994652406417115) (0.3333333333333333, 0.22994652406417115) (0.0, 0.0) 0.08153245
(0.3333333333333333, 0.22593582887700536) (0.3333333333333333, 0.22994652406417115) (0.3333333333333333, 0.22994652406417115) (0.25, 0.625668449197861) 0.08167440
(0.3333333333333333, 0.47593582887700536) (0.3333333333333333, 0.22994652406417115) (0.3333333333333333, 0.22994652406417115) (0.0, 0.0) 0.08174705
(0.3333333333333333, 0.47593582887700536) (0.3333333333333333, 0.22994652406417115) (0.3333333333333333, 0.22994652406417115) (0.0, 0.0) 0.08157935
(0.25, 0.47593582887700536) (0.25, 0.22994652406417115) (0.25, 0.22994652406417115) (0.25, 0.8048128342245989) 0.09520191
(0.3333333333333333, 0.47593582887700536) (0.3333333333333333, 0.22994652406417115) (0.3333333333333333, 0.22994652406417115) (0.0, 0.0) 0.08132992
(0.3333333333333333, 0.22593582887700536) (0.3333333333333333, 0.22994652406417115) (0.3333333333333333, 0.22994652406417115) (0.25, 0.625668449197861) 0.08172494
(0.3333333333333333, 0.47593582887700536) (0.3333333333333333, 0.22994652406417115) (0.3333333333333333, 0.22994652406417115) (0.0, 0.0) 0.08162237
(0.3333333333333333, 0.47593582887700536) (0.3333333333333333, 0.22994652406417115) (0.3333333333333333, 0.22994652406417115) (0.0, 0.0) 0.08164240
(0.25, 0.47593582887700536) (0.25, 0.22994652406417115) (0.25, 0.22994652406417115) (0.25, 0.8048128342245989) 0.09532969
(0.5, 0.47593582887700536) (0.5, 0.22994652406417115) (0.0, 0.0) (0.0, 0.0) 0.06820571
(0.5, 0.22593582887700536) (0.5, 0.22994652406417115) (0.0, 0.0) (0.3333333333333333, 0.625668449197861) 0.06401148
(0.5, 0.47593582887700536) (0.5, 0.22994652406417115) (0.0, 0.0) (0.0, 0.0) 0.06827837
(0.5, 0.47593582887700536) (0.5, 0.22994652406417115) (0.0, 0.0) (0.0, 0.0) 0.06831749
(0.3333333333333333, 0.47593582887700536) (0.3333333333333333, 0.22994652406417115) (0.0, 0.0) (0.3333333333333333, 0.8048128342245989) 0.08183507
(0.3333333333333333, 0.47593582887700536) (0.3333333333333333, 0.22994652406417115) (0.3333333333333333, 0.22994652406417115) (0.0, 0.0) 0.09475799
(0.3333333333333333, 0.22593582887700536) (0.3333333333333333, 0.22994652406417115) (0.3333333333333333, 0.22994652406417115) (0.25, 0.625668449197861) 0.08177727
(0.3333333333333333, 0.47593582887700536) (0.3333333333333333, 0.22994652406417115) (0.3333333333333333, 0.22994652406417115) (0.0, 0.0) 0.08700854
(0.3333333333333333, 0.47593582887700536) (0.3333333333333333, 0.22994652406417115) (0.3333333333333333, 0.22994652406417115) (0.0, 0.0) 0.08696833
(0.25, 0.47593582887700536) (0.25, 0.22994652406417115) (0.25, 0.22994652406417115) (0.25, 0.8048128342245989) 0.09528574
(0.3333333333333333, 0.47593582887700536) (0.3333333333333333, 0.22994652406417115) (0.3333333333333333, 0.22994652406417115) (0.0, 0.0) 0.08125870
(0.3333333333333333, 0.22593582887700536) (0.3333333333333333, 0.22994652406417115) (0.3333333333333333, 0.22994652406417115) (0.25, 0.625668449197861) 0.08171298
(0.3333333333333333, 0.47593582887700536) (0.3333333333333333, 0.22994652406417115) (0.3333333333333333, 0.22994652406417115) (0.0, 0.0) 0.08181007
(0.3333333333333333, 0.47593582887700536) (0.3333333333333333, 0.22994652406417115) (0.3333333333333333, 0.22994652406417115) (0.0, 0.0) 0.08179910
(0.25, 0.47593582887700536) (0.25, 0.22994652406417115) (0.25, 0.22994652406417115) (0.25, 0.8048128342245989) 0.09544798
(0.3333333333333333, 0.47593582887700536) (0.3333333333333333, 0.22994652406417115) (0.3333333333333333, 0.22994652406417115) (0.0, 0.0) 0.08147756
(0.3333333333333333, 0.22593582887700536) (0.3333333333333333, 0.22994652406417115) (0.3333333333333333, 0.22994652406417115) (0.25, 0.625668449197861) 0.08183934
(0.3333333333333333, 0.47593582887700536) (0.3333333333333333, 0.22994652406417115) (0.3333333333333333, 0.22994652406417115) (0.0, 0.0) 0.08152517
(0.3333333333333333, 0.47593582887700536) (0.3333333333333333, 0.22994652406417115) (0.3333333333333333, 0.22994652406417115) (0.0, 0.0) 0.08178172
(0.25, 0.47593582887700536) (0.25, 0.22994652406417115) (0.25, 0.22994652406417115) (0.25, 0.8048128342245989) 0.09538945
(0.5, 0.47593582887700536) (0.5, 0.22994652406417115) (0.0, 0.0) (0.0, 0.0) 0.06832705
(0.5, 0.22593582887700536) (0.5, 0.22994652406417115) (0.0, 0.0) (0.3333333333333333, 0.625668449197861) 0.06407446
(0.5, 0.47593582887700536) (0.5, 0.22994652406417115) (0.0, 0.0) (0.0, 0.0) 0.06835166
(0.5, 0.47593582887700536) (0.5, 0.22994652406417115) (0.0, 0.0) (0.0, 0.0) 0.06822747
(0.3333333333333333, 0.47593582887700536) (0.3333333333333333, 0.22994652406417115) (0.0, 0.0) (0.3333333333333333, 0.8048128342245989) 0.08194522
(0.5, 0.47593582887700536) (0.0, 0.0) (0.5, 0.22994652406417115) (0.0, 0.0) 0.06843328
(0.5, 0.22593582887700536) (0.0, 0.0) (0.5, 0.22994652406417115) (0.3333333333333333, 0.625668449197861) 0.06401305
(0.5, 0.47593582887700536) (0.0, 0.0) (0.5, 0.22994652406417115) (0.0, 0.0) 0.06837757
(0.5, 0.47593582887700536) (0.0, 0.0) (0.5, 0.22994652406417115) (0.0, 0.0) 0.06839225
(0.3333333333333333, 0.47593582887700536) (0.0, 0.0) (0.3333333333333333, 0.22994652406417115) (0.3333333333333333, 0.8048128342245989) 0.08215595
(0.5, 0.47593582887700536) (0.0, 0.0) (0.5, 0.22994652406417115) (0.0, 0.0) 0.06859120
(0.5, 0.22593582887700536) (0.0, 0.0) (0.5, 0.22994652406417115) (0.3333333333333333, 0.625668449197861) 0.06430526
(0.5, 0.47593582887700536) (0.0, 0.0) (0.5, 0.22994652406417115) (0.0, 0.0) 0.06837396
(0.5, 0.47593582887700536) (0.0, 0.0) (0.5, 0.22994652406417115) (0.0, 0.0) 0.06852356
(0.3333333333333333, 0.47593582887700536) (0.0, 0.0) (0.3333333333333333, 0.22994652406417115) (0.3333333333333333, 0.8048128342245989) 0.08214433
(0.5, 0.47593582887700536) (0.0, 0.0) (0.5, 0.22994652406417115) (0.0, 0.0) 0.06837947
(0.5, 0.22593582887700536) (0.0, 0.0) (0.5, 0.22994652406417115) (0.3333333333333333, 0.625668449197861) 0.06414703
(0.5, 0.47593582887700536) (0.0, 0.0) (0.5, 0.22994652406417115) (0.0, 0.0) 0.06856932
(0.5, 0.47593582887700536) (0.0, 0.0) (0.5, 0.22994652406417115) (0.0, 0.0) 0.06842833
(0.3333333333333333, 0.47593582887700536) (0.0, 0.0) (0.3333333333333333, 0.22994652406417115) (0.3333333333333333, 0.8048128342245989) 0.08225443
(1.0, 0.47593582887700536) (0.0, 0.0) (0.0, 0.0) (0.0, 0.0) 0.07404080
(1.0, 0.22593582887700536) (0.0, 0.0) (0.0, 0.0) (0.5, 0.625668449197861) 0.06101099
(1.0, 0.47593582887700536) (0.0, 0.0) (0.0, 0.0) (0.0, 0.0) 0.07404651
(1.0, 0.47593582887700536) (0.0, 0.0) (0.0, 0.0) (0.0, 0.0) 0.07404750
(0.5, 0.47593582887700536) (0.0, 0.0) (0.0, 0.0) (0.5, 0.8048128342245989) 0.06867599
(0.3333333333333333, 0.47593582887700536) (0.3333333333333333, 0.22994652406417115) (0.3333333333333333, 0.22994652406417115) (0.0, 0.0) 0.19775879
(0.3333333333333333, 0.22593582887700536) (0.3333333333333333, 0.22994652406417115) (0.3333333333333333, 0.22994652406417115) (0.25, 0.625668449197861) 0.10555714
(0.3333333333333333, 0.47593582887700536) (0.3333333333333333, 0.22994652406417115) (0.3333333333333333, 0.22994652406417115) (0.0, 0.0) 0.10582456
(0.3333333333333333, 0.47593582887700536) (0.3333333333333333, 0.22994652406417115) (0.3333333333333333, 0.22994652406417115) (0.0, 0.0) 0.10592956
(0.25, 0.47593582887700536) (0.25, 0.22994652406417115) (0.25, 0.22994652406417115) (0.25, 0.8048128342245989) 0.11975037
(0.3333333333333333, 0.47593582887700536) (0.3333333333333333, 0.22994652406417115) (0.3333333333333333, 0.22994652406417115) (0.0, 0.0) 0.08186151
(0.3333333333333333, 0.22593582887700536) (0.3333333333333333, 0.22994652406417115) (0.3333333333333333, 0.22994652406417115) (0.25, 0.625668449197861) 0.08200149
(0.3333333333333333, 0.47593582887700536) (0.3333333333333333, 0.22994652406417115) (0.3333333333333333, 0.22994652406417115) (0.0, 0.0) 0.08195454
(0.3333333333333333, 0.47593582887700536) (0.3333333333333333, 0.22994652406417115) (0.3333333333333333, 0.22994652406417115) (0.0, 0.0) 0.08207277
(0.25, 0.47593582887700536) (0.25, 0.22994652406417115) (0.25, 0.22994652406417115) (0.25, 0.8048128342245989) 0.09595154
(0.3333333333333333, 0.47593582887700536) (0.3333333333333333, 0.22994652406417115) (0.3333333333333333, 0.22994652406417115) (0.0, 0.0) 0.08183003
(0.3333333333333333, 0.22593582887700536) (0.3333333333333333, 0.22994652406417115) (0.3333333333333333, 0.22994652406417115) (0.25, 0.625668449197861) 0.08207144
(0.3333333333333333, 0.47593582887700536) (0.3333333333333333, 0.22994652406417115) (0.3333333333333333, 0.22994652406417115) (0.0, 0.0) 0.08204470
(0.3333333333333333, 0.47593582887700536) (0.3333333333333333, 0.22994652406417115) (0.3333333333333333, 0.22994652406417115) (0.0, 0.0) 0.08226326
(0.25, 0.47593582887700536) (0.25, 0.22994652406417115) (0.25, 0.22994652406417115) (0.25, 0.8048128342245989) 0.09594050
(0.5, 0.47593582887700536) (0.5, 0.22994652406417115) (0.0, 0.0) (0.0, 0.0) 0.06867120
(0.5, 0.22593582887700536) (0.5, 0.22994652406417115) (0.0, 0.0) (0.3333333333333333, 0.625668449197861) 0.06433838
(0.5, 0.47593582887700536) (0.5, 0.22994652406417115) (0.0, 0.0) (0.0, 0.0) 0.06871520
(0.5, 0.47593582887700536) (0.5, 0.22994652406417115) (0.0, 0.0) (0.0, 0.0) 0.06881645
(0.3333333333333333, 0.47593582887700536) (0.3333333333333333, 0.22994652406417115) (0.0, 0.0) (0.3333333333333333, 0.8048128342245989) 0.08252161
(0.3333333333333333, 0.47593582887700536) (0.3333333333333333, 0.22994652406417115) (0.3333333333333333, 0.22994652406417115) (0.0, 0.0) 0.08189519
(0.3333333333333333, 0.22593582887700536) (0.3333333333333333, 0.22994652406417115) (0.3333333333333333, 0.22994652406417115) (0.25, 0.625668449197861) 0.08191386
(0.3333333333333333, 0.47593582887700536) (0.3333333333333333, 0.22994652406417115) (0.3333333333333333, 0.22994652406417115) (0.0, 0.0) 0.08194743
(0.3333333333333333, 0.47593582887700536) (0.3333333333333333, 0.22994652406417115) (0.3333333333333333, 0.22994652406417115) (0.0, 0.0) 0.08200351
(0.25, 0.47593582887700536) (0.25, 0.22994652406417115) (0.25, 0.22994652406417115) (0.25, 0.8048128342245989) 0.09601337
(0.3333333333333333, 0.47593582887700536) (0.3333333333333333, 0.22994652406417115) (0.3333333333333333, 0.22994652406417115) (0.0, 0.0) 0.08186401
(0.3333333333333333, 0.22593582887700536) (0.3333333333333333, 0.22994652406417115) (0.3333333333333333, 0.22994652406417115) (0.25, 0.625668449197861) 0.08205782
(0.3333333333333333, 0.47593582887700536) (0.3333333333333333, 0.22994652406417115) (0.3333333333333333, 0.22994652406417115) (0.0, 0.0) 0.08205744
(0.3333333333333333, 0.47593582887700536) (0.3333333333333333, 0.22994652406417115) (0.3333333333333333, 0.22994652406417115) (0.0, 0.0) 0.08226958
(0.25, 0.47593582887700536) (0.25, 0.22994652406417115) (0.25, 0.22994652406417115) (0.25, 0.8048128342245989) 0.09583994
(0.3333333333333333, 0.47593582887700536) (0.3333333333333333, 0.22994652406417115) (0.3333333333333333, 0.22994652406417115) (0.0, 0.0) 0.08182638
(0.3333333333333333, 0.22593582887700536) (0.3333333333333333, 0.22994652406417115) (0.3333333333333333, 0.22994652406417115) (0.25, 0.625668449197861) 0.08209139
(0.3333333333333333, 0.47593582887700536) (0.3333333333333333, 0.22994652406417115) (0.3333333333333333, 0.22994652406417115) (0.0, 0.0) 0.08210424
(0.3333333333333333, 0.47593582887700536) (0.3333333333333333, 0.22994652406417115) (0.3333333333333333, 0.22994652406417115) (0.0, 0.0) 0.08189319
(0.25, 0.47593582887700536) (0.25, 0.22994652406417115) (0.25, 0.22994652406417115) (0.25, 0.8048128342245989) 0.09591423
(0.5, 0.47593582887700536) (0.5, 0.22994652406417115) (0.0, 0.0) (0.0, 0.0) 0.06855026
(0.5, 0.22593582887700536) (0.5, 0.22994652406417115) (0.0, 0.0) (0.3333333333333333, 0.625668449197861) 0.06454862
(0.5, 0.47593582887700536) (0.5, 0.22994652406417115) (0.0, 0.0) (0.0, 0.0) 0.06867859
(0.5, 0.47593582887700536) (0.5, 0.22994652406417115) (0.0, 0.0) (0.0, 0.0) 0.06885915
(0.3333333333333333, 0.47593582887700536) (0.3333333333333333, 0.22994652406417115) (0.0, 0.0) (0.3333333333333333, 0.8048128342245989) 0.08234813
(0.3333333333333333, 0.47593582887700536) (0.3333333333333333, 0.22994652406417115) (0.3333333333333333, 0.22994652406417115) (0.0, 0.0) 0.08184738
(0.3333333333333333, 0.22593582887700536) (0.3333333333333333, 0.22994652406417115) (0.3333333333333333, 0.22994652406417115) (0.25, 0.625668449197861) 0.08188959
(0.3333333333333333, 0.47593582887700536) (0.3333333333333333, 0.22994652406417115) (0.3333333333333333, 0.22994652406417115) (0.0, 0.0) 0.08197498
(0.3333333333333333, 0.47593582887700536) (0.3333333333333333, 0.22994652406417115) (0.3333333333333333, 0.22994652406417115) (0.0, 0.0) 0.08207836
(0.25, 0.47593582887700536) (0.25, 0.22994652406417115) (0.25, 0.22994652406417115) (0.25, 0.8048128342245989) 0.09606919
(0.3333333333333333, 0.47593582887700536) (0.3333333333333333, 0.22994652406417115) (0.3333333333333333, 0.22994652406417115) (0.0, 0.0) 0.08192335
(0.3333333333333333, 0.22593582887700536) (0.3333333333333333, 0.22994652406417115) (0.3333333333333333, 0.22994652406417115) (0.25, 0.625668449197861) 0.08204241
(0.3333333333333333, 0.47593582887700536) (0.3333333333333333, 0.22994652406417115) (0.3333333333333333, 0.22994652406417115) (0.0, 0.0) 0.08204601
(0.3333333333333333, 0.47593582887700536) (0.3333333333333333, 0.22994652406417115) (0.3333333333333333, 0.22994652406417115) (0.0, 0.0) 0.08200609
(0.25, 0.47593582887700536) (0.25, 0.22994652406417115) (0.25, 0.22994652406417115) (0.25, 0.8048128342245989) 0.09575154
(0.3333333333333333, 0.47593582887700536) (0.3333333333333333, 0.22994652406417115) (0.3333333333333333, 0.22994652406417115) (0.0, 0.0) 0.08163974
(0.3333333333333333, 0.22593582887700536) (0.3333333333333333, 0.22994652406417115) (0.3333333333333333, 0.22994652406417115) (0.25, 0.625668449197861) 0.08204349
(0.3333333333333333, 0.47593582887700536) (0.3333333333333333, 0.22994652406417115) (0.3333333333333333, 0.22994652406417115) (0.0, 0.0) 0.08203201
(0.3333333333333333, 0.47593582887700536) (0.3333333333333333, 0.22994652406417115) (0.3333333333333333, 0.22994652406417115) (0.0, 0.0) 0.08236217
(0.25, 0.47593582887700536) (0.25, 0.22994652406417115) (0.25, 0.22994652406417115) (0.25, 0.8048128342245989) 0.09583651
(0.5, 0.47593582887700536) (0.5, 0.22994652406417115) (0.0, 0.0) (0.0, 0.0) 0.06852894
(0.5, 0.22593582887700536) (0.5, 0.22994652406417115) (0.0, 0.0) (0.3333333333333333, 0.625668449197861) 0.06450665
(0.5, 0.47593582887700536) (0.5, 0.22994652406417115) (0.0, 0.0) (0.0, 0.0) 0.06856261
(0.5, 0.47593582887700536) (0.5, 0.22994652406417115) (0.0, 0.0) (0.0, 0.0) 0.06868360
(0.3333333333333333, 0.47593582887700536) (0.3333333333333333, 0.22994652406417115) (0.0, 0.0) (0.3333333333333333, 0.8048128342245989) 0.08245906
(0.5, 0.47593582887700536) (0.0, 0.0) (0.5, 0.22994652406417115) (0.0, 0.0) 0.06867210
(0.5, 0.22593582887700536) (0.0, 0.0) (0.5, 0.22994652406417115) (0.3333333333333333, 0.625668449197861) 0.06459379
(0.5, 0.47593582887700536) (0.0, 0.0) (0.5, 0.22994652406417115) (0.0, 0.0) 0.06884463
(0.5, 0.47593582887700536) (0.0, 0.0) (0.5, 0.22994652406417115) (0.0, 0.0) 0.06882527
(0.3333333333333333, 0.47593582887700536) (0.0, 0.0) (0.3333333333333333, 0.22994652406417115) (0.3333333333333333, 0.8048128342245989) 0.08241576
(0.5, 0.47593582887700536) (0.0, 0.0) (0.5, 0.22994652406417115) (0.0, 0.0) 0.06870561
(0.5, 0.22593582887700536) (0.0, 0.0) (0.5, 0.22994652406417115) (0.3333333333333333, 0.625668449197861) 0.06463527
(0.5, 0.47593582887700536) (0.0, 0.0) (0.5, 0.22994652406417115) (0.0, 0.0) 0.06882290
(0.5, 0.47593582887700536) (0.0, 0.0) (0.5, 0.22994652406417115) (0.0, 0.0) 0.06878680
(0.3333333333333333, 0.47593582887700536) (0.0, 0.0) (0.3333333333333333, 0.22994652406417115) (0.3333333333333333, 0.8048128342245989) 0.08277151
(0.5, 0.47593582887700536) (0.0, 0.0) (0.5, 0.22994652406417115) (0.0, 0.0) 0.06885744
(0.5, 0.22593582887700536) (0.0, 0.0) (0.5, 0.22994652406417115) (0.3333333333333333, 0.625668449197861) 0.06469658
(0.5, 0.47593582887700536) (0.0, 0.0) (0.5, 0.22994652406417115) (0.0, 0.0) 0.06878339
(0.5, 0.47593582887700536) (0.0, 0.0) (0.5, 0.22994652406417115) (0.0, 0.0) 0.06886113
(0.3333333333333333, 0.47593582887700536) (0.0, 0.0) (0.3333333333333333, 0.22994652406417115) (0.3333333333333333, 0.8048128342245989) 0.08247337
(1.0, 0.47593582887700536) (0.0, 0.0) (0.0, 0.0) (0.0, 0.0) 0.07440414
(1.0, 0.22593582887700536) (0.0, 0.0) (0.0, 0.0) (0.5, 0.625668449197861) 0.06145828
(1.0, 0.47593582887700536) (0.0, 0.0) (0.0, 0.0) (0.0, 0.0) 0.07463776
(1.0, 0.47593582887700536) (0.0, 0.0) (0.0, 0.0) (0.0, 0.0) 0.07457940
(0.5, 0.47593582887700536) (0.0, 0.0) (0.0, 0.0) (0.5, 0.8048128342245989) 0.06924158
(0.3333333333333333, 0.47593582887700536) (0.3333333333333333, 0.22994652406417115) (0.3333333333333333, 0.22994652406417115) (0.0, 0.0) 0.19838733
(0.3333333333333333, 0.22593582887700536) (0.3333333333333333, 0.22994652406417115) (0.3333333333333333, 0.22994652406417115) (0.25, 0.625668449197861) 0.10624764
(0.3333333333333333, 0.47593582887700536) (0.3333333333333333, 0.22994652406417115) (0.3333333333333333, 0.22994652406417115) (0.0, 0.0) 0.10591525
(0.3333333333333333, 0.47593582887700536) (0.3333333333333333, 0.22994652406417115) (0.3333333333333333, 0.22994652406417115) (0.0, 0.0) 0.10593999
(0.25, 0.47593582887700536) (0.25, 0.22994652406417115) (0.25, 0.22994652406417115) (0.25, 0.8048128342245989) 0.11957282
(0.3333333333333333, 0.47593582887700536) (0.3333333333333333, 0.22994652406417115) (0.3333333333333333, 0.22994652406417115) (0.0, 0.0) 0.08172649
(0.3333333333333333, 0.22593582887700536) (0.3333333333333333, 0.22994652406417115) (0.3333333333333333, 0.22994652406417115) (0.25, 0.625668449197861) 0.08206542
(0.3333333333333333, 0.47593582887700536) (0.3333333333333333, 0.22994652406417115) (0.3333333333333333, 0.22994652406417115) (0.0, 0.0) 0.08199497
(0.3333333333333333, 0.47593582887700536) (0.3333333333333333, 0.22994652406417115) (0.3333333333333333, 0.22994652406417115) (0.0, 0.0) 0.08195579
(0.25, 0.47593582887700536) (0.25, 0.22994652406417115) (0.25, 0.22994652406417115) (0.25, 0.8048128342245989) 0.09571110
(0.3333333333333333, 0.47593582887700536) (0.3333333333333333, 0.22994652406417115) (0.3333333333333333, 0.22994652406417115) (0.0, 0.0) 0.08172113
(0.3333333333333333, 0.22593582887700536) (0.3333333333333333, 0.22994652406417115) (0.3333333333333333, 0.22994652406417115) (0.25, 0.625668449197861) 0.08206317
(0.3333333333333333, 0.47593582887700536) (0.3333333333333333, 0.22994652406417115) (0.3333333333333333, 0.22994652406417115) (0.0, 0.0) 0.08202817
(0.3333333333333333, 0.47593582887700536) (0.3333333333333333, 0.22994652406417115) (0.3333333333333333, 0.22994652406417115) (0.0, 0.0) 0.08197039
(0.25, 0.47593582887700536) (0.25, 0.22994652406417115) (0.25, 0.22994652406417115) (0.25, 0.8048128342245989) 0.09564780
(0.5, 0.47593582887700536) (0.5, 0.22994652406417115) (0.0, 0.0) (0.0, 0.0) 0.06848570
(0.5, 0.22593582887700536) (0.5, 0.22994652406417115) (0.0, 0.0) (0.3333333333333333, 0.625668449197861) 0.06423701
(0.5, 0.47593582887700536) (0.5, 0.22994652406417115) (0.0, 0.0) (0.0, 0.0) 0.06861854
(0.5, 0.47593582887700536) (0.5, 0.22994652406417115) (0.0, 0.0) (0.0, 0.0) 0.06859477
(0.3333333333333333, 0.47593582887700536) (0.3333333333333333, 0.22994652406417115) (0.0, 0.0) (0.3333333333333333, 0.8048128342245989) 0.08231470
(0.3333333333333333, 0.47593582887700536) (0.3333333333333333, 0.22994652406417115) (0.3333333333333333, 0.22994652406417115) (0.0, 0.0) 0.08181934
(0.3333333333333333, 0.22593582887700536) (0.3333333333333333, 0.22994652406417115) (0.3333333333333333, 0.22994652406417115) (0.25, 0.625668449197861) 0.08205140
(0.3333333333333333, 0.47593582887700536) (0.3333333333333333, 0.22994652406417115) (0.3333333333333333, 0.22994652406417115) (0.0, 0.0) 0.08190338
(0.3333333333333333, 0.47593582887700536) (0.3333333333333333, 0.22994652406417115) (0.3333333333333333, 0.22994652406417115) (0.0, 0.0) 0.08199976
(0.25, 0.47593582887700536) (0.25, 0.22994652406417115) (0.25, 0.22994652406417115) (0.25, 0.8048128342245989) 0.09564488
(0.3333333333333333, 0.47593582887700536) (0.3333333333333333, 0.22994652406417115) (0.3333333333333333, 0.22994652406417115) (0.0, 0.0) 0.08156239
(0.3333333333333333, 0.22593582887700536) (0.3333333333333333, 0.22994652406417115) (0.3333333333333333, 0.22994652406417115) (0.25, 0.625668449197861) 0.08197096
(0.3333333333333333, 0.47593582887700536) (0.3333333333333333, 0.22994652406417115) (0.3333333333333333, 0.22994652406417115) (0.0, 0.0) 0.08186413
(0.3333333333333333, 0.47593582887700536) (0.3333333333333333, 0.22994652406417115) (0.3333333333333333, 0.22994652406417115) (0.0, 0.0) 0.08185842
(0.25, 0.47593582887700536) (0.25, 0.22994652406417115) (0.25, 0.22994652406417115) (0.25, 0.8048128342245989) 0.09566984
(0.3333333333333333, 0.47593582887700536) (0.3333333333333333, 0.22994652406417115) (0.3333333333333333, 0.22994652406417115) (0.0, 0.0) 0.08179480
(0.3333333333333333, 0.22593582887700536) (0.3333333333333333, 0.22994652406417115) (0.3333333333333333, 0.22994652406417115) (0.25, 0.625668449197861) 0.08210534
(0.3333333333333333, 0.47593582887700536) (0.3333333333333333, 0.22994652406417115) (0.3333333333333333, 0.22994652406417115) (0.0, 0.0) 0.08188184
(0.3333333333333333, 0.47593582887700536) (0.3333333333333333, 0.22994652406417115) (0.3333333333333333, 0.22994652406417115) (0.0, 0.0) 0.08191198
(0.25, 0.47593582887700536) (0.25, 0.22994652406417115) (0.25, 0.22994652406417115) (0.25, 0.8048128342245989) 0.09567220
(0.5, 0.47593582887700536) (0.5, 0.22994652406417115) (0.0, 0.0) (0.0, 0.0) 0.06850226
(0.5, 0.22593582887700536) (0.5, 0.22994652406417115) (0.0, 0.0) (0.3333333333333333, 0.625668449197861) 0.06450470
(0.5, 0.47593582887700536) (0.5, 0.22994652406417115) (0.0, 0.0) (0.0, 0.0) 0.06858941
(0.5, 0.47593582887700536) (0.5, 0.22994652406417115) (0.0, 0.0) (0.0, 0.0) 0.06851742
(0.3333333333333333, 0.47593582887700536) (0.3333333333333333, 0.22994652406417115) (0.0, 0.0) (0.3333333333333333, 0.8048128342245989) 0.08198571
(0.3333333333333333, 0.47593582887700536) (0.3333333333333333, 0.22994652406417115) (0.3333333333333333, 0.22994652406417115) (0.0, 0.0) 0.08181523
(0.3333333333333333, 0.22593582887700536) (0.3333333333333333, 0.22994652406417115) (0.3333333333333333, 0.22994652406417115) (0.25, 0.625668449197861) 0.08199821
(0.3333333333333333, 0.47593582887700536) (0.3333333333333333, 0.22994652406417115) (0.3333333333333333, 0.22994652406417115) (0.0, 0.0) 0.08177010
(0.3333333333333333, 0.47593582887700536) (0.3333333333333333, 0.22994652406417115) (0.3333333333333333, 0.22994652406417115) (0.0, 0.0) 0.08174142
(0.25, 0.47593582887700536) (0.25, 0.22994652406417115) (0.25, 0.22994652406417115) (0.25, 0.8048128342245989) 0.09584920
(0.3333333333333333, 0.47593582887700536) (0.3333333333333333, 0.22994652406417115) (0.3333333333333333, 0.22994652406417115) (0.0, 0.0) 0.08171980
(0.3333333333333333, 0.22593582887700536) (0.3333333333333333, 0.22994652406417115) (0.3333333333333333, 0.22994652406417115) (0.25, 0.625668449197861) 0.08195737
(0.3333333333333333, 0.47593582887700536) (0.3333333333333333, 0.22994652406417115) (0.3333333333333333, 0.22994652406417115) (0.0, 0.0) 0.08166630
(0.3333333333333333, 0.47593582887700536) (0.3333333333333333, 0.22994652406417115) (0.3333333333333333, 0.22994652406417115) (0.0, 0.0) 0.08175447
(0.25, 0.47593582887700536) (0.25, 0.22994652406417115) (0.25, 0.22994652406417115) (0.25, 0.8048128342245989) 0.09551764
(0.3333333333333333, 0.47593582887700536) (0.3333333333333333, 0.22994652406417115) (0.3333333333333333, 0.22994652406417115) (0.0, 0.0) 0.08167287
(0.3333333333333333, 0.22593582887700536) (0.3333333333333333, 0.22994652406417115) (0.3333333333333333, 0.22994652406417115) (0.25, 0.625668449197861) 0.08180769
(0.3333333333333333, 0.47593582887700536) (0.3333333333333333, 0.22994652406417115) (0.3333333333333333, 0.22994652406417115) (0.0, 0.0) 0.08162885
(0.3333333333333333, 0.47593582887700536) (0.3333333333333333, 0.22994652406417115) (0.3333333333333333, 0.22994652406417115) (0.0, 0.0) 0.08174318
(0.25, 0.47593582887700536) (0.25, 0.22994652406417115) (0.25, 0.22994652406417115) (0.25, 0.8048128342245989) 0.09564699
(0.5, 0.47593582887700536) (0.5, 0.22994652406417115) (0.0, 0.0) (0.0, 0.0) 0.06834647
(0.5, 0.22593582887700536) (0.5, 0.22994652406417115) (0.0, 0.0) (0.3333333333333333, 0.625668449197861) 0.06422804
(0.5, 0.47593582887700536) (0.5, 0.22994652406417115) (0.0, 0.0) (0.0, 0.0) 0.06852011
(0.5, 0.47593582887700536) (0.5, 0.22994652406417115) (0.0, 0.0) (0.0, 0.0) 0.06871485
(0.3333333333333333, 0.47593582887700536) (0.3333333333333333, 0.22994652406417115) (0.0, 0.0) (0.3333333333333333, 0.8048128342245989) 0.08218396
(0.5, 0.47593582887700536) (0.0, 0.0) (0.5, 0.22994652406417115) (0.0, 0.0) 0.06861556
(0.5, 0.22593582887700536) (0.0, 0.0) (0.5, 0.22994652406417115) (0.3333333333333333, 0.625668449197861) 0.06429290
(0.5, 0.47593582887700536) (0.0, 0.0) (0.5, 0.22994652406417115) (0.0, 0.0) 0.06841996
(0.5, 0.47593582887700536) (0.0, 0.0) (0.5, 0.22994652406417115) (0.0, 0.0) 0.06851974
(0.3333333333333333, 0.47593582887700536) (0.0, 0.0) (0.3333333333333333, 0.22994652406417115) (0.3333333333333333, 0.8048128342245989) 0.08219742
(0.5, 0.47593582887700536) (0.0, 0.0) (0.5, 0.22994652406417115) (0.0, 0.0) 0.06869867
(0.5, 0.22593582887700536) (0.0, 0.0) (0.5, 0.22994652406417115) (0.3333333333333333, 0.625668449197861) 0.06424599
(0.5, 0.47593582887700536) (0.0, 0.0) (0.5, 0.22994652406417115) (0.0, 0.0) 0.06845950
(0.5, 0.47593582887700536) (0.0, 0.0) (0.5, 0.22994652406417115) (0.0, 0.0) 0.06864097
(0.3333333333333333, 0.47593582887700536) (0.0, 0.0) (0.3333333333333333, 0.22994652406417115) (0.3333333333333333, 0.8048128342245989) 0.08220519
(0.5, 0.47593582887700536) (0.0, 0.0) (0.5, 0.22994652406417115) (0.0, 0.0) 0.06851208
(0.5, 0.22593582887700536) (0.0, 0.0) (0.5, 0.22994652406417115) (0.3333333333333333, 0.625668449197861) 0.06446130
(0.5, 0.47593582887700536) (0.0, 0.0) (0.5, 0.22994652406417115) (0.0, 0.0) 0.06838125
(0.5, 0.47593582887700536) (0.0, 0.0) (0.5, 0.22994652406417115) (0.0, 0.0) 0.06856775
(0.3333333333333333, 0.47593582887700536) (0.0, 0.0) (0.3333333333333333, 0.22994652406417115) (0.3333333333333333, 0.8048128342245989) 0.08224047
(1.0, 0.47593582887700536) (0.0, 0.0) (0.0, 0.0) (0.0, 0.0) 0.07433547
(1.0, 0.22593582887700536) (0.0, 0.0) (0.0, 0.0) (0.5, 0.625668449197861) 0.06131008
(1.0, 0.47593582887700536) (0.0, 0.0) (0.0, 0.0) (0.0, 0.0) 0.07413410
(1.0, 0.47593582887700536) (0.0, 0.0) (0.0, 0.0) (0.0, 0.0) 0.07407440
(0.5, 0.47593582887700536) (0.0, 0.0) (0.0, 0.0) (0.5, 0.8048128342245989) 0.06891105
