Recency Frequency Monetary Time Runtime
(0.25, 0.19999999999999996) (0.3333333333333333, 1.0) (0.3333333333333333, 1.0) (0.0, 0.0) 1.12862048
(0.3333333333333333, 0.19999999999999996) (0.3333333333333333, 1.0) (0.3333333333333333, 1.0) (0.3333333333333333, 0.5283018867924528) 0.31358976
(0.25, 0.19999999999999996) (0.5, 1.0) (0.5, 1.0) (0.0, 0.0) 0.41038928
(0.25, 0.19999999999999996) (0.5, 1.0) (0.5, 1.0) (0.0, 0.0) 0.40995594
(0.25, 0.19999999999999996) (0.3333333333333333, 1.0) (0.3333333333333333, 1.0) (0.3333333333333333, 0.5283018867924528) 0.31794228
(0.25, 0.19999999999999996) (0.3333333333333333, 1.0) (0.3333333333333333, 1.0) (0.0, 0.0) 0.24689528
(0.3333333333333333, 0.19999999999999996) (0.3333333333333333, 1.0) (0.3333333333333333, 1.0) (0.3333333333333333, 0.5283018867924528) 0.16802065
(0.25, 0.19999999999999996) (0.5, 1.0) (0.5, 1.0) (0.0, 0.0) 0.06741648
(0.25, 0.19999999999999996) (0.5, 1.0) (0.5, 1.0) (0.0, 0.0) 0.06736568
(0.25, 0.19999999999999996) (0.3333333333333333, 1.0) (0.3333333333333333, 1.0) (0.3333333333333333, 0.5283018867924528) 0.17250063
(0.25, 0.19999999999999996) (0.3333333333333333, 1.0) (0.3333333333333333, 1.0) (0.0, 0.0) 0.24703520
(0.3333333333333333, 0.19999999999999996) (0.3333333333333333, 1.0) (0.3333333333333333, 1.0) (0.3333333333333333, 0.5283018867924528) 0.16773235
(0.25, 0.19999999999999996) (0.5, 1.0) (0.5, 1.0) (0.0, 0.0) 0.06769430
(0.25, 0.19999999999999996) (0.5, 1.0) (0.5, 1.0) (0.0, 0.0) 0.06739198
(0.25, 0.19999999999999996) (0.3333333333333333, 1.0) (0.3333333333333333, 1.0) (0.3333333333333333, 0.5283018867924528) 0.17234277
(0.3333333333333333, 0.19999999999999996) (0.5, 1.0) (0.0, 0.0) (0.0, 0.0) 0.37741622
(0.5, 0.19999999999999996) (0.5, 1.0) (0.0, 0.0) (0.5, 0.5283018867924528) 0.05473496
(0.3333333333333333, 0.19999999999999996) (1.0, 1.0) (0.0, 0.0) (0.0, 0.0) 0.06932799
(0.3333333333333333, 0.19999999999999996) (1.0, 1.0) (0.0, 0.0) (0.0, 0.0) 0.06870891
(0.3333333333333333, 0.19999999999999996) (0.5, 1.0) (0.0, 0.0) (0.5, 0.5283018867924528) 0.06366710
(0.25, 0.19999999999999996) (0.3333333333333333, 1.0) (0.3333333333333333, 1.0) (0.0, 0.0) 0.24687068
(0.3333333333333333, 0.19999999999999996) (0.3333333333333333, 1.0) (0.3333333333333333, 1.0) (0.3333333333333333, 0.5283018867924528) 0.11969349
(0.25, 0.19999999999999996) (0.5, 1.0) (0.5, 1.0) (0.0, 0.0) 0.06747442
(0.25, 0.19999999999999996) (0.5, 1.0) (0.5, 1.0) (0.0, 0.0) 0.06734680
(0.25, 0.19999999999999996) (0.3333333333333333, 1.0) (0.3333333333333333, 1.0) (0.3333333333333333, 0.5283018867924528) 0.12405693
(0.25, 0.19999999999999996) (0.3333333333333333, 1.0) (0.3333333333333333, 1.0) (0.0, 0.0) 0.12861376
(0.3333333333333333, 0.19999999999999996) (0.3333333333333333, 1.0) (0.3333333333333333, 1.0) (0.3333333333333333, 0.5283018867924528) 0.07647835
(0.25, 0.19999999999999996) (0.5, 1.0) (0.5, 1.0) (0.0, 0.0) 0.06755641
(0.25, 0.19999999999999996) (0.5, 1.0) (0.5, 1.0) (0.0, 0.0) 0.06751731
(0.25, 0.19999999999999996) (0.3333333333333333, 1.0) (0.3333333333333333, 1.0) (0.3333333333333333, 0.5283018867924528) 0.08081671
(0.25, 0.19999999999999996) (0.3333333333333333, 1.0) (0.3333333333333333, 1.0) (0.0, 0.0) 0.12830537
(0.3333333333333333, 0.19999999999999996) (0.3333333333333333, 1.0) (0.3333333333333333, 1.0) (0.3333333333333333, 0.5283018867924528) 0.07674794
(0.25, 0.19999999999999996) (0.5, 1.0) (0.5, 1.0) (0.0, 0.0) 0.06758446
(0.25, 0.19999999999999996) (0.5, 1.0) (0.5, 1.0) (0.0, 0.0) 0.06766599
(0.25, 0.19999999999999996) (0.3333333333333333, 1.0) (0.3333333333333333, 1.0) (0.3333333333333333, 0.5283018867924528) 0.08122473
(0.3333333333333333, 0.19999999999999996) (0.5, 1.0) (0.0, 0.0) (0.0, 0.0) 0.07716063
(0.5, 0.19999999999999996) (0.5, 1.0) (0.0, 0.0) (0.5, 0.5283018867924528) 0.05512778
(0.3333333333333333, 0.19999999999999996) (1.0, 1.0) (0.0, 0.0) (0.0, 0.0) 0.06974606
(0.3333333333333333, 0.19999999999999996) (1.0, 1.0) (0.0, 0.0) (0.0, 0.0) 0.06968132
(0.3333333333333333, 0.19999999999999996) (0.5, 1.0) (0.0, 0.0) (0.5, 0.5283018867924528) 0.06383430
(0.25, 0.19999999999999996) (0.3333333333333333, 1.0) (0.3333333333333333, 1.0) (0.0, 0.0) 0.24714210
(0.3333333333333333, 0.19999999999999996) (0.3333333333333333, 1.0) (0.3333333333333333, 1.0) (0.3333333333333333, 0.5283018867924528) 0.12014440
(0.25, 0.19999999999999996) (0.5, 1.0) (0.5, 1.0) (0.0, 0.0) 0.06794093
(0.25, 0.19999999999999996) (0.5, 1.0) (0.5, 1.0) (0.0, 0.0) 0.06786176
(0.25, 0.19999999999999996) (0.3333333333333333, 1.0) (0.3333333333333333, 1.0) (0.3333333333333333, 0.5283018867924528) 0.12466203
(0.25, 0.19999999999999996) (0.3333333333333333, 1.0) (0.3333333333333333, 1.0) (0.0, 0.0) 0.12892055
(0.3333333333333333, 0.19999999999999996) (0.3333333333333333, 1.0) (0.3333333333333333, 1.0) (0.3333333333333333, 0.5283018867924528) 0.07710135
(0.25, 0.19999999999999996) (0.5, 1.0) (0.5, 1.0) (0.0, 0.0) 0.06794731
(0.25, 0.19999999999999996) (0.5, 1.0) (0.5, 1.0) (0.0, 0.0) 0.06750608
(0.25, 0.19999999999999996) (0.3333333333333333, 1.0) (0.3333333333333333, 1.0) (0.3333333333333333, 0.5283018867924528) 0.08110434
(0.25, 0.19999999999999996) (0.3333333333333333, 1.0) (0.3333333333333333, 1.0) (0.0, 0.0) 0.12884261
(0.3333333333333333, 0.19999999999999996) (0.3333333333333333, 1.0) (0.3333333333333333, 1.0) (0.3333333333333333, 0.5283018867924528) 0.07680045
(0.25, 0.19999999999999996) (0.5, 1.0) (0.5, 1.0) (0.0, 0.0) 0.06766279
(0.25, 0.19999999999999996) (0.5, 1.0) (0.5, 1.0) (0.0, 0.0) 0.06749475
(0.25, 0.19999999999999996) (0.3333333333333333, 1.0) (0.3333333333333333, 1.0) (0.3333333333333333, 0.5283018867924528) 0.08123574
(0.3333333333333333, 0.19999999999999996) (0.5, 1.0) (0.0, 0.0) (0.0, 0.0) 0.07710274
(0.5, 0.19999999999999996) (0.5, 1.0) (0.0, 0.0) (0.5, 0.5283018867924528) 0.05490720
(0.3333333333333333, 0.19999999999999996) (1.0, 1.0) (0.0, 0.0) (0.0, 0.0) 0.06936149
(0.3333333333333333, 0.19999999999999996) (1.0, 1.0) (0.0, 0.0) (0.0, 0.0) 0.06935268
(0.3333333333333333, 0.19999999999999996) (0.5, 1.0) (0.0, 0.0) (0.5, 0.5283018867924528) 0.06382319
(0.3333333333333333, 0.19999999999999996) (0.0, 0.0) (0.5, 1.0) (0.0, 0.0) 0.32684510
(0.5, 0.19999999999999996) (0.0, 0.0) (0.5, 1.0) (0.5, 0.5283018867924528) 0.05490281
(0.3333333333333333, 0.19999999999999996) (0.0, 0.0) (1.0, 1.0) (0.0, 0.0) 0.06928168
(0.3333333333333333, 0.19999999999999996) (0.0, 0.0) (1.0, 1.0) (0.0, 0.0) 0.06926784
(0.3333333333333333, 0.19999999999999996) (0.0, 0.0) (0.5, 1.0) (0.5, 0.5283018867924528) 0.06397609
(0.3333333333333333, 0.19999999999999996) (0.0, 0.0) (0.5, 1.0) (0.0, 0.0) 0.07724790
(0.5, 0.19999999999999996) (0.0, 0.0) (0.5, 1.0) (0.5, 0.5283018867924528) 0.05503782
(0.3333333333333333, 0.19999999999999996) (0.0, 0.0) (1.0, 1.0) (0.0, 0.0) 0.06942261
(0.3333333333333333, 0.19999999999999996) (0.0, 0.0) (1.0, 1.0) (0.0, 0.0) 0.06937827
(0.3333333333333333, 0.19999999999999996) (0.0, 0.0) (0.5, 1.0) (0.5, 0.5283018867924528) 0.06365403
(0.3333333333333333, 0.19999999999999996) (0.0, 0.0) (0.5, 1.0) (0.0, 0.0) 0.07691503
(0.5, 0.19999999999999996) (0.0, 0.0) (0.5, 1.0) (0.5, 0.5283018867924528) 0.05501092
(0.3333333333333333, 0.19999999999999996) (0.0, 0.0) (1.0, 1.0) (0.0, 0.0) 0.06939517
(0.3333333333333333, 0.19999999999999996) (0.0, 0.0) (1.0, 1.0) (0.0, 0.0) 0.06940654
(0.3333333333333333, 0.19999999999999996) (0.0, 0.0) (0.5, 1.0) (0.5, 0.5283018867924528) 0.06360134
(1.0, 0.19999999999999996) (0.0, 0.0) (0.0, 0.0) (1.0, 0.5283018867924528) 0.05283976
(0.5, 0.19999999999999996) (0.0, 0.0) (0.0, 0.0) (1.0, 0.5283018867924528) 0.06060518
(0.0, 0.0) (0.3333333333333333, 1.0) (0.3333333333333333, 1.0) (0.0, 0.0) 0.30368467
(0.0, 0.0) (0.5, 1.0) (0.5, 1.0) (0.25, 0.5283018867924528) 0.07626630
(0.0, 0.0) (0.5, 1.0) (0.5, 1.0) (0.0, 0.0) 0.06776915
(0.0, 0.0) (0.5, 1.0) (0.5, 1.0) (0.0, 0.0) 0.06781866
(0.0, 0.0) (0.3333333333333333, 1.0) (0.3333333333333333, 1.0) (0.3333333333333333, 0.6428571428571428) 0.08412279
(0.0, 0.0) (0.3333333333333333, 1.0) (0.3333333333333333, 1.0) (0.0, 0.0) 0.09116598
(0.0, 0.0) (0.5, 1.0) (0.5, 1.0) (0.25, 0.5283018867924528) 0.06776904
(0.0, 0.0) (0.5, 1.0) (0.5, 1.0) (0.0, 0.0) 0.06779154
(0.0, 0.0) (0.5, 1.0) (0.5, 1.0) (0.0, 0.0) 0.06775161
(0.0, 0.0) (0.3333333333333333, 1.0) (0.3333333333333333, 1.0) (0.3333333333333333, 0.6428571428571428) 0.08153360
(0.0, 0.0) (0.3333333333333333, 1.0) (0.3333333333333333, 1.0) (0.0, 0.0) 0.09101754
(0.0, 0.0) (0.5, 1.0) (0.5, 1.0) (0.25, 0.5283018867924528) 0.06773086
(0.0, 0.0) (0.5, 1.0) (0.5, 1.0) (0.0, 0.0) 0.06765147
(0.0, 0.0) (0.5, 1.0) (0.5, 1.0) (0.0, 0.0) 0.06763089
(0.0, 0.0) (0.3333333333333333, 1.0) (0.3333333333333333, 1.0) (0.3333333333333333, 0.6428571428571428) 0.08135942
(0.0, 0.0) (0.5, 1.0) (0.0, 0.0) (0.0, 0.0) 0.08137965
(0.0, 0.0) (1.0, 1.0) (0.0, 0.0) (0.3333333333333333, 0.5283018867924528) 0.06934424
(0.0, 0.0) (1.0, 1.0) (0.0, 0.0) (0.0, 0.0) 0.07358792
(0.0, 0.0) (1.0, 1.0) (0.0, 0.0) (0.0, 0.0) 0.07365573
(0.0, 0.0) (0.5, 1.0) (0.0, 0.0) (0.5, 0.6428571428571428) 0.06809034
(0.0, 0.0) (0.3333333333333333, 1.0) (0.3333333333333333, 1.0) (0.0, 0.0) 0.09121837
(0.0, 0.0) (0.5, 1.0) (0.5, 1.0) (0.25, 0.5283018867924528) 0.06771406
(0.0, 0.0) (0.5, 1.0) (0.5, 1.0) (0.0, 0.0) 0.06783376
(0.0, 0.0) (0.5, 1.0) (0.5, 1.0) (0.0, 0.0) 0.06794108
(0.0, 0.0) (0.3333333333333333, 1.0) (0.3333333333333333, 1.0) (0.3333333333333333, 0.6428571428571428) 0.08175415
(0.0, 0.0) (0.3333333333333333, 1.0) (0.3333333333333333, 1.0) (0.0, 0.0) 0.08580137
(0.0, 0.0) (0.5, 1.0) (0.5, 1.0) (0.25, 0.5283018867924528) 0.06781511
(0.0, 0.0) (0.5, 1.0) (0.5, 1.0) (0.0, 0.0) 0.06803204
(0.0, 0.0) (0.5, 1.0) (0.5, 1.0) (0.0, 0.0) 0.06784156
(0.0, 0.0) (0.3333333333333333, 1.0) (0.3333333333333333, 1.0) (0.3333333333333333, 0.6428571428571428) 0.08150189
(0.0, 0.0) (0.3333333333333333, 1.0) (0.3333333333333333, 1.0) (0.0, 0.0) 0.08577200
(0.0, 0.0) (0.5, 1.0) (0.5, 1.0) (0.25, 0.5283018867924528) 0.06792320
(0.0, 0.0) (0.5, 1.0) (0.5, 1.0) (0.0, 0.0) 0.06778134
(0.0, 0.0) (0.5, 1.0) (0.5, 1.0) (0.0, 0.0) 0.06790422
(0.0, 0.0) (0.3333333333333333, 1.0) (0.3333333333333333, 1.0) (0.3333333333333333, 0.6428571428571428) 0.08127267
(0.0, 0.0) (0.5, 1.0) (0.0, 0.0) (0.0, 0.0) 0.08133094
(0.0, 0.0) (1.0, 1.0) (0.0, 0.0) (0.3333333333333333, 0.5283018867924528) 0.06914396
(0.0, 0.0) (1.0, 1.0) (0.0, 0.0) (0.0, 0.0) 0.07392724
(0.0, 0.0) (1.0, 1.0) (0.0, 0.0) (0.0, 0.0) 0.07373018
(0.0, 0.0) (0.5, 1.0) (0.0, 0.0) (0.5, 0.6428571428571428) 0.06811579
(0.0, 0.0) (0.3333333333333333, 1.0) (0.3333333333333333, 1.0) (0.0, 0.0) 0.09145529
(0.0, 0.0) (0.5, 1.0) (0.5, 1.0) (0.25, 0.5283018867924528) 0.06795432
(0.0, 0.0) (0.5, 1.0) (0.5, 1.0) (0.0, 0.0) 0.06788224
(0.0, 0.0) (0.5, 1.0) (0.5, 1.0) (0.0, 0.0) 0.06767370
(0.0, 0.0) (0.3333333333333333, 1.0) (0.3333333333333333, 1.0) (0.3333333333333333, 0.6428571428571428) 0.08130150
(0.0, 0.0) (0.3333333333333333, 1.0) (0.3333333333333333, 1.0) (0.0, 0.0) 0.08596774
(0.0, 0.0) (0.5, 1.0) (0.5, 1.0) (0.25, 0.5283018867924528) 0.06760097
(0.0, 0.0) (0.5, 1.0) (0.5, 1.0) (0.0, 0.0) 0.06784930
(0.0, 0.0) (0.5, 1.0) (0.5, 1.0) (0.0, 0.0) 0.06772572
(0.0, 0.0) (0.3333333333333333, 1.0) (0.3333333333333333, 1.0) (0.3333333333333333, 0.6428571428571428) 0.08134949
(0.0, 0.0) (0.3333333333333333, 1.0) (0.3333333333333333, 1.0) (0.0, 0.0) 0.08573934
(0.0, 0.0) (0.5, 1.0) (0.5, 1.0) (0.25, 0.5283018867924528) 0.06780011
(0.0, 0.0) (0.5, 1.0) (0.5, 1.0) (0.0, 0.0) 0.06768788
(0.0, 0.0) (0.5, 1.0) (0.5, 1.0) (0.0, 0.0) 0.06767294
(0.0, 0.0) (0.3333333333333333, 1.0) (0.3333333333333333, 1.0) (0.3333333333333333, 0.6428571428571428) 0.08132384
(0.0, 0.0) (0.5, 1.0) (0.0, 0.0) (0.0, 0.0) 0.08165235
(0.0, 0.0) (1.0, 1.0) (0.0, 0.0) (0.3333333333333333, 0.5283018867924528) 0.06951793
(0.0, 0.0) (1.0, 1.0) (0.0, 0.0) (0.0, 0.0) 0.07385704
(0.0, 0.0) (1.0, 1.0) (0.0, 0.0) (0.0, 0.0) 0.07367151
(0.0, 0.0) (0.5, 1.0) (0.0, 0.0) (0.5, 0.6428571428571428) 0.06817799
(0.0, 0.0) (0.0, 0.0) (0.5, 1.0) (0.0, 0.0) 0.08164837
(0.0, 0.0) (0.0, 0.0) (1.0, 1.0) (0.3333333333333333, 0.5283018867924528) 0.06950552
(0.0, 0.0) (0.0, 0.0) (1.0, 1.0) (0.0, 0.0) 0.07378433
(0.0, 0.0) (0.0, 0.0) (1.0, 1.0) (0.0, 0.0) 0.07372680
(0.0, 0.0) (0.0, 0.0) (0.5, 1.0) (0.5, 0.6428571428571428) 0.06812214
(0.0, 0.0) (0.0, 0.0) (0.5, 1.0) (0.0, 0.0) 0.08151076
(0.0, 0.0) (0.0, 0.0) (1.0, 1.0) (0.3333333333333333, 0.5283018867924528) 0.06912760
(0.0, 0.0) (0.0, 0.0) (1.0, 1.0) (0.0, 0.0) 0.07358321
(0.0, 0.0) (0.0, 0.0) (1.0, 1.0) (0.0, 0.0) 0.07344751
(0.0, 0.0) (0.0, 0.0) (0.5, 1.0) (0.5, 0.6428571428571428) 0.06801458
(0.0, 0.0) (0.0, 0.0) (0.5, 1.0) (0.0, 0.0) 0.08161968
(0.0, 0.0) (0.0, 0.0) (1.0, 1.0) (0.3333333333333333, 0.5283018867924528) 0.06943260
(0.0, 0.0) (0.0, 0.0) (1.0, 1.0) (0.0, 0.0) 0.07367204
(0.0, 0.0) (0.0, 0.0) (1.0, 1.0) (0.0, 0.0) 0.07363072
(0.0, 0.0) (0.0, 0.0) (0.5, 1.0) (0.5, 0.6428571428571428) 0.06811803
(0.0, 0.0) (0.0, 0.0) (0.0, 0.0) (1.0, 0.6428571428571428) 0.07338829
(0.25, 0.7857142857142857) (0.25, 1.0) (0.25, 1.0) (0.0, 0.0) 0.34637334
(0.3333333333333333, 0.19999999999999996) (0.3333333333333333, 1.0) (0.3333333333333333, 1.0) (0.25, 0.5283018867924528) 0.08155284
(0.3333333333333333, 0.7857142857142857) (0.3333333333333333, 1.0) (0.3333333333333333, 1.0) (0.0, 0.0) 0.08153529
(0.3333333333333333, 0.5517241379310345) (0.3333333333333333, 1.0) (0.3333333333333333, 1.0) (0.0, 0.0) 0.08151343
(0.25, 0.7857142857142857) (0.25, 1.0) (0.25, 1.0) (0.25, 0.6428571428571428) 0.10391160
(0.25, 0.7857142857142857) (0.25, 1.0) (0.25, 1.0) (0.0, 0.0) 0.11199944
(0.3333333333333333, 0.19999999999999996) (0.3333333333333333, 1.0) (0.3333333333333333, 1.0) (0.25, 0.5283018867924528) 0.08151344
(0.3333333333333333, 0.7857142857142857) (0.3333333333333333, 1.0) (0.3333333333333333, 1.0) (0.0, 0.0) 0.08151014
(0.3333333333333333, 0.5517241379310345) (0.3333333333333333, 1.0) (0.3333333333333333, 1.0) (0.0, 0.0) 0.08135915
(0.25, 0.7857142857142857) (0.25, 1.0) (0.25, 1.0) (0.25, 0.6428571428571428) 0.09528340
(0.25, 0.7857142857142857) (0.25, 1.0) (0.25, 1.0) (0.0, 0.0) 0.11157823
(0.3333333333333333, 0.19999999999999996) (0.3333333333333333, 1.0) (0.3333333333333333, 1.0) (0.25, 0.5283018867924528) 0.08091964
(0.3333333333333333, 0.7857142857142857) (0.3333333333333333, 1.0) (0.3333333333333333, 1.0) (0.0, 0.0) 0.08095243
(0.3333333333333333, 0.5517241379310345) (0.3333333333333333, 1.0) (0.3333333333333333, 1.0) (0.0, 0.0) 0.08114857
(0.25, 0.7857142857142857) (0.25, 1.0) (0.25, 1.0) (0.25, 0.6428571428571428) 0.09526415
(0.3333333333333333, 0.7857142857142857) (0.3333333333333333, 1.0) (0.0, 0.0) (0.0, 0.0) 0.08588160
(0.5, 0.19999999999999996) (0.5, 1.0) (0.0, 0.0) (0.3333333333333333, 0.5283018867924528) 0.06370219
(0.5, 0.7857142857142857) (0.5, 1.0) (0.0, 0.0) (0.0, 0.0) 0.06827418
(0.5, 0.5517241379310345) (0.5, 1.0) (0.0, 0.0) (0.0, 0.0) 0.06816939
(0.3333333333333333, 0.7857142857142857) (0.3333333333333333, 1.0) (0.0, 0.0) (0.3333333333333333, 0.6428571428571428) 0.08173256
(0.25, 0.7857142857142857) (0.25, 1.0) (0.25, 1.0) (0.0, 0.0) 0.11172200
(0.3333333333333333, 0.19999999999999996) (0.3333333333333333, 1.0) (0.3333333333333333, 1.0) (0.25, 0.5283018867924528) 0.08112902
(0.3333333333333333, 0.7857142857142857) (0.3333333333333333, 1.0) (0.3333333333333333, 1.0) (0.0, 0.0) 0.08149072
(0.3333333333333333, 0.5517241379310345) (0.3333333333333333, 1.0) (0.3333333333333333, 1.0) (0.0, 0.0) 0.08137776
(0.25, 0.7857142857142857) (0.25, 1.0) (0.25, 1.0) (0.25, 0.6428571428571428) 0.09522475
(0.25, 0.7857142857142857) (0.25, 1.0) (0.25, 1.0) (0.0, 0.0) 0.09490525
(0.3333333333333333, 0.19999999999999996) (0.3333333333333333, 1.0) (0.3333333333333333, 1.0) (0.25, 0.5283018867924528) 0.08108800
(0.3333333333333333, 0.7857142857142857) (0.3333333333333333, 1.0) (0.3333333333333333, 1.0) (0.0, 0.0) 0.08117754
(0.3333333333333333, 0.5517241379310345) (0.3333333333333333, 1.0) (0.3333333333333333, 1.0) (0.0, 0.0) 0.08104639
(0.25, 0.7857142857142857) (0.25, 1.0) (0.25, 1.0) (0.25, 0.6428571428571428) 0.09525245
(0.25, 0.7857142857142857) (0.25, 1.0) (0.25, 1.0) (0.0, 0.0) 0.09492571
(0.3333333333333333, 0.19999999999999996) (0.3333333333333333, 1.0) (0.3333333333333333, 1.0) (0.25, 0.5283018867924528) 0.08114435
(0.3333333333333333, 0.7857142857142857) (0.3333333333333333, 1.0) (0.3333333333333333, 1.0) (0.0, 0.0) 0.08098121
(0.3333333333333333, 0.5517241379310345) (0.3333333333333333, 1.0) (0.3333333333333333, 1.0) (0.0, 0.0) 0.08096567
(0.25, 0.7857142857142857) (0.25, 1.0) (0.25, 1.0) (0.25, 0.6428571428571428) 0.09508673
(0.3333333333333333, 0.7857142857142857) (0.3333333333333333, 1.0) (0.0, 0.0) (0.0, 0.0) 0.08589386
(0.5, 0.19999999999999996) (0.5, 1.0) (0.0, 0.0) (0.3333333333333333, 0.5283018867924528) 0.06372445
(0.5, 0.7857142857142857) (0.5, 1.0) (0.0, 0.0) (0.0, 0.0) 0.06785984
(0.5, 0.5517241379310345) (0.5, 1.0) (0.0, 0.0) (0.0, 0.0) 0.06804763
(0.3333333333333333, 0.7857142857142857) (0.3333333333333333, 1.0) (0.0, 0.0) (0.3333333333333333, 0.6428571428571428) 0.08134080
(0.25, 0.7857142857142857) (0.25, 1.0) (0.25, 1.0) (0.0, 0.0) 0.11143957
(0.3333333333333333, 0.19999999999999996) (0.3333333333333333, 1.0) (0.3333333333333333, 1.0) (0.25, 0.5283018867924528) 0.08131597
(0.3333333333333333, 0.7857142857142857) (0.3333333333333333, 1.0) (0.3333333333333333, 1.0) (0.0, 0.0) 0.08146948
(0.3333333333333333, 0.5517241379310345) (0.3333333333333333, 1.0) (0.3333333333333333, 1.0) (0.0, 0.0) 0.08152169
(0.25, 0.7857142857142857) (0.25, 1.0) (0.25, 1.0) (0.25, 0.6428571428571428) 0.09540863
(0.25, 0.7857142857142857) (0.25, 1.0) (0.25, 1.0) (0.0, 0.0) 0.09543001
(0.3333333333333333, 0.19999999999999996) (0.3333333333333333, 1.0) (0.3333333333333333, 1.0) (0.25, 0.5283018867924528) 0.08145947
(0.3333333333333333, 0.7857142857142857) (0.3333333333333333, 1.0) (0.3333333333333333, 1.0) (0.0, 0.0) 0.08144343
(0.3333333333333333, 0.5517241379310345) (0.3333333333333333, 1.0) (0.3333333333333333, 1.0) (0.0, 0.0) 0.08126666
(0.25, 0.7857142857142857) (0.25, 1.0) (0.25, 1.0) (0.25, 0.6428571428571428) 0.09548279
(0.25, 0.7857142857142857) (0.25, 1.0) (0.25, 1.0) (0.0, 0.0) 0.09556021
(0.3333333333333333, 0.19999999999999996) (0.3333333333333333, 1.0) (0.3333333333333333, 1.0) (0.25, 0.5283018867924528) 0.08153016
(0.3333333333333333, 0.7857142857142857) (0.3333333333333333, 1.0) (0.3333333333333333, 1.0) (0.0, 0.0) 0.08157767
(0.3333333333333333, 0.5517241379310345) (0.3333333333333333, 1.0) (0.3333333333333333, 1.0) (0.0, 0.0) 0.08147048
(0.25, 0.7857142857142857) (0.25, 1.0) (0.25, 1.0) (0.25, 0.6428571428571428) 0.09528483
(0.3333333333333333, 0.7857142857142857) (0.3333333333333333, 1.0) (0.0, 0.0) (0.0, 0.0) 0.08622581
(0.5, 0.19999999999999996) (0.5, 1.0) (0.0, 0.0) (0.3333333333333333, 0.5283018867924528) 0.06402216
(0.5, 0.7857142857142857) (0.5, 1.0) (0.0, 0.0) (0.0, 0.0) 0.06805169
(0.5, 0.5517241379310345) (0.5, 1.0) (0.0, 0.0) (0.0, 0.0) 0.06840059
(0.3333333333333333, 0.7857142857142857) (0.3333333333333333, 1.0) (0.0, 0.0) (0.3333333333333333, 0.6428571428571428) 0.08166418
(0.3333333333333333, 0.7857142857142857) (0.0, 0.0) (0.3333333333333333, 1.0) (0.0, 0.0) 0.08594143
(0.5, 0.19999999999999996) (0.0, 0.0) (0.5, 1.0) (0.3333333333333333, 0.5283018867924528) 0.06364720
(0.5, 0.7857142857142857) (0.0, 0.0) (0.5, 1.0) (0.0, 0.0) 0.06807882
(0.5, 0.5517241379310345) (0.0, 0.0) (0.5, 1.0) (0.0, 0.0) 0.06810104
(0.3333333333333333, 0.7857142857142857) (0.0, 0.0) (0.3333333333333333, 1.0) (0.3333333333333333, 0.6428571428571428) 0.08181968
(0.3333333333333333, 0.7857142857142857) (0.0, 0.0) (0.3333333333333333, 1.0) (0.0, 0.0) 0.08606513
(0.5, 0.19999999999999996) (0.0, 0.0) (0.5, 1.0) (0.3333333333333333, 0.5283018867924528) 0.06402560
(0.5, 0.7857142857142857) (0.0, 0.0) (0.5, 1.0) (0.0, 0.0) 0.06803844
(0.5, 0.5517241379310345) (0.0, 0.0) (0.5, 1.0) (0.0, 0.0) 0.06780126
(0.3333333333333333, 0.7857142857142857) (0.0, 0.0) (0.3333333333333333, 1.0) (0.3333333333333333, 0.6428571428571428) 0.08145724
(0.3333333333333333, 0.7857142857142857) (0.0, 0.0) (0.3333333333333333, 1.0) (0.0, 0.0) 0.08580042
(0.5, 0.19999999999999996) (0.0, 0.0) (0.5, 1.0) (0.3333333333333333, 0.5283018867924528) 0.06410091
(0.5, 0.7857142857142857) (0.0, 0.0) (0.5, 1.0) (0.0, 0.0) 0.06809992
(0.5, 0.5517241379310345) (0.0, 0.0) (0.5, 1.0) (0.0, 0.0) 0.06816619
(0.3333333333333333, 0.7857142857142857) (0.0, 0.0) (0.3333333333333333, 1.0) (0.3333333333333333, 0.6428571428571428) 0.08147147
(0.5, 0.7857142857142857) (0.0, 0.0) (0.0, 0.0) (0.0, 0.0) 0.08162938
(1.0, 0.19999999999999996) (0.0, 0.0) (0.0, 0.0) (0.5, 0.5283018867924528) 0.06083629
(1.0, 0.7857142857142857) (0.0, 0.0) (0.0, 0.0) (0.0, 0.0) 0.07417635
(1.0, 0.5517241379310345) (0.0, 0.0) (0.0, 0.0) (0.0, 0.0) 0.07387662
(0.5, 0.7857142857142857) (0.0, 0.0) (0.0, 0.0) (0.5, 0.6428571428571428) 0.06831181
(0.25, 0.7857142857142857) (0.25, 1.0) (0.25, 1.0) (0.0, 0.0) 0.31416500
(0.3333333333333333, 0.19999999999999996) (0.3333333333333333, 1.0) (0.3333333333333333, 1.0) (0.25, 0.5283018867924528) 0.08142486
(0.3333333333333333, 0.7857142857142857) (0.3333333333333333, 1.0) (0.3333333333333333, 1.0) (0.0, 0.0) 0.08133861
(0.3333333333333333, 0.5517241379310345) (0.3333333333333333, 1.0) (0.3333333333333333, 1.0) (0.0, 0.0) 0.08136677
(0.25, 0.7857142857142857) (0.25, 1.0) (0.25, 1.0) (0.25, 0.6428571428571428) 0.09508737
(0.25, 0.7857142857142857) (0.25, 1.0) (0.25, 1.0) (0.0, 0.0) 0.09541518
(0.3333333333333333, 0.19999999999999996) (0.3333333333333333, 1.0) (0.3333333333333333, 1.0) (0.25, 0.5283018867924528) 0.08160718
(0.3333333333333333, 0.7857142857142857) (0.3333333333333333, 1.0) (0.3333333333333333, 1.0) (0.0, 0.0) 0.08133943
(0.3333333333333333, 0.5517241379310345) (0.3333333333333333, 1.0) (0.3333333333333333, 1.0) (0.0, 0.0) 0.08115285
(0.25, 0.7857142857142857) (0.25, 1.0) (0.25, 1.0) (0.25, 0.6428571428571428) 0.09541499
(0.25, 0.7857142857142857) (0.25, 1.0) (0.25, 1.0) (0.0, 0.0) 0.09530206
(0.3333333333333333, 0.19999999999999996) (0.3333333333333333, 1.0) (0.3333333333333333, 1.0) (0.25, 0.5283018867924528) 0.08150938
(0.3333333333333333, 0.7857142857142857) (0.3333333333333333, 1.0) (0.3333333333333333, 1.0) (0.0, 0.0) 0.08137075
(0.3333333333333333, 0.5517241379310345) (0.3333333333333333, 1.0) (0.3333333333333333, 1.0) (0.0, 0.0) 0.08109273
(0.25, 0.7857142857142857) (0.25, 1.0) (0.25, 1.0) (0.25, 0.6428571428571428) 0.09525378
(0.3333333333333333, 0.7857142857142857) (0.3333333333333333, 1.0) (0.0, 0.0) (0.0, 0.0) 0.08613334
(0.5, 0.19999999999999996) (0.5, 1.0) (0.0, 0.0) (0.3333333333333333, 0.5283018867924528) 0.06375657
(0.5, 0.7857142857142857) (0.5, 1.0) (0.0, 0.0) (0.0, 0.0) 0.06824209
(0.5, 0.5517241379310345) (0.5, 1.0) (0.0, 0.0) (0.0, 0.0) 0.06829945
(0.3333333333333333, 0.7857142857142857) (0.3333333333333333, 1.0) (0.0, 0.0) (0.3333333333333333, 0.6428571428571428) 0.08127600
(0.25, 0.7857142857142857) (0.25, 1.0) (0.25, 1.0) (0.0, 0.0) 0.09541487
(0.3333333333333333, 0.19999999999999996) (0.3333333333333333, 1.0) (0.3333333333333333, 1.0) (0.25, 0.5283018867924528) 0.08165050
(0.3333333333333333, 0.7857142857142857) (0.3333333333333333, 1.0) (0.3333333333333333, 1.0) (0.0, 0.0) 0.08140181
(0.3333333333333333, 0.5517241379310345) (0.3333333333333333, 1.0) (0.3333333333333333, 1.0) (0.0, 0.0) 0.08135369
(0.25, 0.7857142857142857) (0.25, 1.0) (0.25, 1.0) (0.25, 0.6428571428571428) 0.09554547
(0.25, 0.7857142857142857) (0.25, 1.0) (0.25, 1.0) (0.0, 0.0) 0.09515361
(0.3333333333333333, 0.19999999999999996) (0.3333333333333333, 1.0) (0.3333333333333333, 1.0) (0.25, 0.5283018867924528) 0.08128795
(0.3333333333333333, 0.7857142857142857) (0.3333333333333333, 1.0) (0.3333333333333333, 1.0) (0.0, 0.0) 0.08120823
(0.3333333333333333, 0.5517241379310345) (0.3333333333333333, 1.0) (0.3333333333333333, 1.0) (0.0, 0.0) 0.08126417
(0.25, 0.7857142857142857) (0.25, 1.0) (0.25, 1.0) (0.25, 0.6428571428571428) 0.09507989
(0.25, 0.7857142857142857) (0.25, 1.0) (0.25, 1.0) (0.0, 0.0) 0.09530977
(0.3333333333333333, 0.19999999999999996) (0.3333333333333333, 1.0) (0.3333333333333333, 1.0) (0.25, 0.5283018867924528) 0.08150900
(0.3333333333333333, 0.7857142857142857) (0.3333333333333333, 1.0) (0.3333333333333333, 1.0) (0.0, 0.0) 0.08116745
(0.3333333333333333, 0.5517241379310345) (0.3333333333333333, 1.0) (0.3333333333333333, 1.0) (0.0, 0.0) 0.08151168
(0.25, 0.7857142857142857) (0.25, 1.0) (0.25, 1.0) (0.25, 0.6428571428571428) 0.09527827
(0.3333333333333333, 0.7857142857142857) (0.3333333333333333, 1.0) (0.0, 0.0) (0.0, 0.0) 0.08600271
(0.5, 0.19999999999999996) (0.5, 1.0) (0.0, 0.0) (0.3333333333333333, 0.5283018867924528) 0.06372250
(0.5, 0.7857142857142857) (0.5, 1.0) (0.0, 0.0) (0.0, 0.0) 0.06808816
(0.5, 0.5517241379310345) (0.5, 1.0) (0.0, 0.0) (0.0, 0.0) 0.06793251
(0.3333333333333333, 0.7857142857142857) (0.3333333333333333, 1.0) (0.0, 0.0) (0.3333333333333333, 0.6428571428571428) 0.08157042
(0.25, 0.7857142857142857) (0.25, 1.0) (0.25, 1.0) (0.0, 0.0) 0.09549927
(0.3333333333333333, 0.19999999999999996) (0.3333333333333333, 1.0) (0.3333333333333333, 1.0) (0.25, 0.5283018867924528) 0.08174658
(0.3333333333333333, 0.7857142857142857) (0.3333333333333333, 1.0) (0.3333333333333333, 1.0) (0.0, 0.0) 0.08143379
(0.3333333333333333, 0.5517241379310345) (0.3333333333333333, 1.0) (0.3333333333333333, 1.0) (0.0, 0.0) 0.08120265
(0.25, 0.7857142857142857) (0.25, 1.0) (0.25, 1.0) (0.25, 0.6428571428571428) 0.09513961
(0.25, 0.7857142857142857) (0.25, 1.0) (0.25, 1.0) (0.0, 0.0) 0.09529751
(0.3333333333333333, 0.19999999999999996) (0.3333333333333333, 1.0) (0.3333333333333333, 1.0) (0.25, 0.5283018867924528) 0.08154176
(0.3333333333333333, 0.7857142857142857) (0.3333333333333333, 1.0) (0.3333333333333333, 1.0) (0.0, 0.0) 0.08128620
(0.3333333333333333, 0.5517241379310345) (0.3333333333333333, 1.0) (0.3333333333333333, 1.0) (0.0, 0.0) 0.08133272
(0.25, 0.7857142857142857) (0.25, 1.0) (0.25, 1.0) (0.25, 0.6428571428571428) 0.09531629
(0.25, 0.7857142857142857) (0.25, 1.0) (0.25, 1.0) (0.0, 0.0) 0.09530084
(0.3333333333333333, 0.19999999999999996) (0.3333333333333333, 1.0) (0.3333333333333333, 1.0) (0.25, 0.5283018867924528) 0.08151914
(0.3333333333333333, 0.7857142857142857) (0.3333333333333333, 1.0) (0.3333333333333333, 1.0) (0.0, 0.0) 0.08147497
(0.3333333333333333, 0.5517241379310345) (0.3333333333333333, 1.0) (0.3333333333333333, 1.0) (0.0, 0.0) 0.08160480
(0.25, 0.7857142857142857) (0.25, 1.0) (0.25, 1.0) (0.25, 0.6428571428571428) 0.09520066
(0.3333333333333333, 0.7857142857142857) (0.3333333333333333, 1.0) (0.0, 0.0) (0.0, 0.0) 0.08628600
(0.5, 0.19999999999999996) (0.5, 1.0) (0.0, 0.0) (0.3333333333333333, 0.5283018867924528) 0.06394793
(0.5, 0.7857142857142857) (0.5, 1.0) (0.0, 0.0) (0.0, 0.0) 0.06833096
(0.5, 0.5517241379310345) (0.5, 1.0) (0.0, 0.0) (0.0, 0.0) 0.06823584
(0.3333333333333333, 0.7857142857142857) (0.3333333333333333, 1.0) (0.0, 0.0) (0.3333333333333333, 0.6428571428571428) 0.08190291
(0.3333333333333333, 0.7857142857142857) (0.0, 0.0) (0.3333333333333333, 1.0) (0.0, 0.0) 0.08598520
(0.5, 0.19999999999999996) (0.0, 0.0) (0.5, 1.0) (0.3333333333333333, 0.5283018867924528) 0.06400941
(0.5, 0.7857142857142857) (0.0, 0.0) (0.5, 1.0) (0.0, 0.0) 0.06831385
(0.5, 0.5517241379310345) (0.0, 0.0) (0.5, 1.0) (0.0, 0.0) 0.06828394
(0.3333333333333333, 0.7857142857142857) (0.0, 0.0) (0.3333333333333333, 1.0) (0.3333333333333333, 0.6428571428571428) 0.08190986
(0.3333333333333333, 0.7857142857142857) (0.0, 0.0) (0.3333333333333333, 1.0) (0.0, 0.0) 0.08624206
(0.5, 0.19999999999999996) (0.0, 0.0) (0.5, 1.0) (0.3333333333333333, 0.5283018867924528) 0.06369372
(0.5, 0.7857142857142857) (0.0, 0.0) (0.5, 1.0) (0.0, 0.0) 0.06839982
(0.5, 0.5517241379310345) (0.0, 0.0) (0.5, 1.0) (0.0, 0.0) 0.06825559
(0.3333333333333333, 0.7857142857142857) (0.0, 0.0) (0.3333333333333333, 1.0) (0.3333333333333333, 0.6428571428571428) 0.08166557
(0.3333333333333333, 0.7857142857142857) (0.0, 0.0) (0.3333333333333333, 1.0) (0.0, 0.0) 0.08617663
(0.5, 0.19999999999999996) (0.0, 0.0) (0.5, 1.0) (0.3333333333333333, 0.5283018867924528) 0.06389813
(0.5, 0.7857142857142857) (0.0, 0.0) (0.5, 1.0) (0.0, 0.0) 0.06810769
(0.5, 0.5517241379310345) (0.0, 0.0) (0.5, 1.0) (0.0, 0.0) 0.06805369
(0.3333333333333333, 0.7857142857142857) (0.0, 0.0) (0.3333333333333333, 1.0) (0.3333333333333333, 0.6428571428571428) 0.08163618
(0.5, 0.7857142857142857) (0.0, 0.0) (0.0, 0.0) (0.0, 0.0) 0.08165191
(1.0, 0.19999999999999996) (0.0, 0.0) (0.0, 0.0) (0.5, 0.5283018867924528) 0.06071211
(1.0, 0.7857142857142857) (0.0, 0.0) (0.0, 0.0) (0.0, 0.0) 0.07389326
(1.0, 0.5517241379310345) (0.0, 0.0) (0.0, 0.0) (0.0, 0.0) 0.07383602
(0.5, 0.7857142857142857) (0.0, 0.0) (0.0, 0.0) (0.5, 0.6428571428571428) 0.06842549
(0.25, 0.7857142857142857) (0.25, 1.0) (0.25, 1.0) (0.0, 0.0) 0.31394913
(0.3333333333333333, 0.19999999999999996) (0.3333333333333333, 1.0) (0.3333333333333333, 1.0) (0.25, 0.5283018867924528) 0.08159627
(0.3333333333333333, 0.7857142857142857) (0.3333333333333333, 1.0) (0.3333333333333333, 1.0) (0.0, 0.0) 0.08143906
(0.3333333333333333, 0.5517241379310345) (0.3333333333333333, 1.0) (0.3333333333333333, 1.0) (0.0, 0.0) 0.08145806
(0.25, 0.7857142857142857) (0.25, 1.0) (0.25, 1.0) (0.25, 0.6428571428571428) 0.09535681
(0.25, 0.7857142857142857) (0.25, 1.0) (0.25, 1.0) (0.0, 0.0) 0.09533411
(0.3333333333333333, 0.19999999999999996) (0.3333333333333333, 1.0) (0.3333333333333333, 1.0) (0.25, 0.5283018867924528) 0.08132728
(0.3333333333333333, 0.7857142857142857) (0.3333333333333333, 1.0) (0.3333333333333333, 1.0) (0.0, 0.0) 0.08150030
(0.3333333333333333, 0.5517241379310345) (0.3333333333333333, 1.0) (0.3333333333333333, 1.0) (0.0, 0.0) 0.08089837
(0.25, 0.7857142857142857) (0.25, 1.0) (0.25, 1.0) (0.25, 0.6428571428571428) 0.09541326
(0.25, 0.7857142857142857) (0.25, 1.0) (0.25, 1.0) (0.0, 0.0) 0.09540034
(0.3333333333333333, 0.19999999999999996) (0.3333333333333333, 1.0) (0.3333333333333333, 1.0) (0.25, 0.5283018867924528) 0.08155312
(0.3333333333333333, 0.7857142857142857) (0.3333333333333333, 1.0) (0.3333333333333333, 1.0) (0.0, 0.0) 0.08153706
(0.3333333333333333, 0.5517241379310345) (0.3333333333333333, 1.0) (0.3333333333333333, 1.0) (0.0, 0.0) 0.08136762
(0.25, 0.7857142857142857) (0.25, 1.0) (0.25, 1.0) (0.25, 0.6428571428571428) 0.09516349
(0.3333333333333333, 0.7857142857142857) (0.3333333333333333, 1.0) (0.0, 0.0) (0.0, 0.0) 0.08623759
(0.5, 0.19999999999999996) (0.5, 1.0) (0.0, 0.0) (0.3333333333333333, 0.5283018867924528) 0.06375725
(0.5, 0.7857142857142857) (0.5, 1.0) (0.0, 0.0) (0.0, 0.0) 0.06804461
(0.5, 0.5517241379310345) (0.5, 1.0) (0.0, 0.0) (0.0, 0.0) 0.06808196
(0.3333333333333333, 0.7857142857142857) (0.3333333333333333, 1.0) (0.0, 0.0) (0.3333333333333333, 0.6428571428571428) 0.08176077
(0.25, 0.7857142857142857) (0.25, 1.0) (0.25, 1.0) (0.0, 0.0) 0.09568519
(0.3333333333333333, 0.19999999999999996) (0.3333333333333333, 1.0) (0.3333333333333333, 1.0) (0.25, 0.5283018867924528) 0.08126600
(0.3333333333333333, 0.7857142857142857) (0.3333333333333333, 1.0) (0.3333333333333333, 1.0) (0.0, 0.0) 0.08101013
(0.3333333333333333, 0.5517241379310345) (0.3333333333333333, 1.0) (0.3333333333333333, 1.0) (0.0, 0.0) 0.08113902
(0.25, 0.7857142857142857) (0.25, 1.0) (0.25, 1.0) (0.25, 0.6428571428571428) 0.09516928
(0.25, 0.7857142857142857) (0.25, 1.0) (0.25, 1.0) (0.0, 0.0) 0.09525456
(0.3333333333333333, 0.19999999999999996) (0.3333333333333333, 1.0) (0.3333333333333333, 1.0) (0.25, 0.5283018867924528) 0.08111534
(0.3333333333333333, 0.7857142857142857) (0.3333333333333333, 1.0) (0.3333333333333333, 1.0) (0.0, 0.0) 0.08129616
(0.3333333333333333, 0.5517241379310345) (0.3333333333333333, 1.0) (0.3333333333333333, 1.0) (0.0, 0.0) 0.08125248
(0.25, 0.7857142857142857) (0.25, 1.0) (0.25, 1.0) (0.25, 0.6428571428571428) 0.09500348
(0.25, 0.7857142857142857) (0.25, 1.0) (0.25, 1.0) (0.0, 0.0) 0.09506801
(0.3333333333333333, 0.19999999999999996) (0.3333333333333333, 1.0) (0.3333333333333333, 1.0) (0.25, 0.5283018867924528) 0.08122819
(0.3333333333333333, 0.7857142857142857) (0.3333333333333333, 1.0) (0.3333333333333333, 1.0) (0.0, 0.0) 0.08115166
(0.3333333333333333, 0.5517241379310345) (0.3333333333333333, 1.0) (0.3333333333333333, 1.0) (0.0, 0.0) 0.08118879
(0.25, 0.7857142857142857) (0.25, 1.0) (0.25, 1.0) (0.25, 0.6428571428571428) 0.09535615
(0.3333333333333333, 0.7857142857142857) (0.3333333333333333, 1.0) (0.0, 0.0) (0.0, 0.0) 0.08614769
(0.5, 0.19999999999999996) (0.5, 1.0) (0.0, 0.0) (0.3333333333333333, 0.5283018867924528) 0.06375311
(0.5, 0.7857142857142857) (0.5, 1.0) (0.0, 0.0) (0.0, 0.0) 0.06807259
(0.5, 0.5517241379310345) (0.5, 1.0) (0.0, 0.0) (0.0, 0.0) 0.06798491
(0.3333333333333333, 0.7857142857142857) (0.3333333333333333, 1.0) (0.0, 0.0) (0.3333333333333333, 0.6428571428571428) 0.08132062
(0.25, 0.7857142857142857) (0.25, 1.0) (0.25, 1.0) (0.0, 0.0) 0.09518765
(0.3333333333333333, 0.19999999999999996) (0.3333333333333333, 1.0) (0.3333333333333333, 1.0) (0.25, 0.5283018867924528) 0.08124641
(0.3333333333333333, 0.7857142857142857) (0.3333333333333333, 1.0) (0.3333333333333333, 1.0) (0.0, 0.0) 0.08142220
(0.3333333333333333, 0.5517241379310345) (0.3333333333333333, 1.0) (0.3333333333333333, 1.0) (0.0, 0.0) 0.08136013
(0.25, 0.7857142857142857) (0.25, 1.0) (0.25, 1.0) (0.25, 0.6428571428571428) 0.09537298
(0.25, 0.7857142857142857) (0.25, 1.0) (0.25, 1.0) (0.0, 0.0) 0.09495882
(0.3333333333333333, 0.19999999999999996) (0.3333333333333333, 1.0) (0.3333333333333333, 1.0) (0.25, 0.5283018867924528) 0.08130362
(0.3333333333333333, 0.7857142857142857) (0.3333333333333333, 1.0) (0.3333333333333333, 1.0) (0.0, 0.0) 0.08138937
(0.3333333333333333, 0.5517241379310345) (0.3333333333333333, 1.0) (0.3333333333333333, 1.0) (0.0, 0.0) 0.08147151
(0.25, 0.7857142857142857) (0.25, 1.0) (0.25, 1.0) (0.25, 0.6428571428571428) 0.09556661
(0.25, 0.7857142857142857) (0.25, 1.0) (0.25, 1.0) (0.0, 0.0) 0.09520154
(0.3333333333333333, 0.19999999999999996) (0.3333333333333333, 1.0) (0.3333333333333333, 1.0) (0.25, 0.5283018867924528) 0.08118555
(0.3333333333333333, 0.7857142857142857) (0.3333333333333333, 1.0) (0.3333333333333333, 1.0) (0.0, 0.0) 0.08136568
(0.3333333333333333, 0.5517241379310345) (0.3333333333333333, 1.0) (0.3333333333333333, 1.0) (0.0, 0.0) 0.08106325
(0.25, 0.7857142857142857) (0.25, 1.0) (0.25, 1.0) (0.25, 0.6428571428571428) 0.09514020
(0.3333333333333333, 0.7857142857142857) (0.3333333333333333, 1.0) (0.0, 0.0) (0.0, 0.0) 0.08561804
(0.5, 0.19999999999999996) (0.5, 1.0) (0.0, 0.0) (0.3333333333333333, 0.5283018867924528) 0.06389409
(0.5, 0.7857142857142857) (0.5, 1.0) (0.0, 0.0) (0.0, 0.0) 0.06811901
(0.5, 0.5517241379310345) (0.5, 1.0) (0.0, 0.0) (0.0, 0.0) 0.06801980
(0.3333333333333333, 0.7857142857142857) (0.3333333333333333, 1.0) (0.0, 0.0) (0.3333333333333333, 0.6428571428571428) 0.08156689
(0.3333333333333333, 0.7857142857142857) (0.0, 0.0) (0.3333333333333333, 1.0) (0.0, 0.0) 0.08617067
(0.5, 0.19999999999999996) (0.0, 0.0) (0.5, 1.0) (0.3333333333333333, 0.5283018867924528) 0.06386240
(0.5, 0.7857142857142857) (0.0, 0.0) (0.5, 1.0) (0.0, 0.0) 0.06825581
(0.5, 0.5517241379310345) (0.0, 0.0) (0.5, 1.0) (0.0, 0.0) 0.06811100
(0.3333333333333333, 0.7857142857142857) (0.0, 0.0) (0.3333333333333333, 1.0) (0.3333333333333333, 0.6428571428571428) 0.08165592
(0.3333333333333333, 0.7857142857142857) (0.0, 0.0) (0.3333333333333333, 1.0) (0.0, 0.0) 0.08596079
(0.5, 0.19999999999999996) (0.0, 0.0) (0.5, 1.0) (0.3333333333333333, 0.5283018867924528) 0.06385800
(0.5, 0.7857142857142857) (0.0, 0.0) (0.5, 1.0) (0.0, 0.0) 0.06784835
(0.5, 0.5517241379310345) (0.0, 0.0) (0.5, 1.0) (0.0, 0.0) 0.06799618
(0.3333333333333333, 0.7857142857142857) (0.0, 0.0) (0.3333333333333333, 1.0) (0.3333333333333333, 0.6428571428571428) 0.08154511
(0.3333333333333333, 0.7857142857142857) (0.0, 0.0) (0.3333333333333333, 1.0) (0.0, 0.0) 0.08586967
(0.5, 0.19999999999999996) (0.0, 0.0) (0.5, 1.0) (0.3333333333333333, 0.5283018867924528) 0.06385006
(0.5, 0.7857142857142857) (0.0, 0.0) (0.5, 1.0) (0.0, 0.0) 0.06814385
(0.5, 0.5517241379310345) (0.0, 0.0) (0.5, 1.0) (0.0, 0.0) 0.06797762
(0.3333333333333333, 0.7857142857142857) (0.0, 0.0) (0.3333333333333333, 1.0) (0.3333333333333333, 0.6428571428571428) 0.08164615
(0.5, 0.7857142857142857) (0.0, 0.0) (0.0, 0.0) (0.0, 0.0) 0.08194740
(1.0, 0.19999999999999996) (0.0, 0.0) (0.0, 0.0) (0.5, 0.5283018867924528) 0.06052262
(1.0, 0.7857142857142857) (0.0, 0.0) (0.0, 0.0) (0.0, 0.0) 0.07393587
(1.0, 0.5517241379310345) (0.0, 0.0) (0.0, 0.0) (0.0, 0.0) 0.07382048
(0.5, 0.7857142857142857) (0.0, 0.0) (0.0, 0.0) (0.5, 0.6428571428571428) 0.06811457
